X,Y,Z
 34, 61,213
 34, 60,213
 34, 59,213
 34, 58,213
 34, 57,213
 34, 56,213
 34, 55,213
 34, 54,213
 34, 53,213
 34, 52,213
 34, 51,213
 34, 50,213
 34, 49,213
 34, 48,213
 33, 47,213
 33, 46,213
 33, 45,213
 33, 44,213
 33, 43,213
 33, 42,213
 33, 41,213
 33, 40,213
 33, 39,213
 33, 38,213
 33, 37,213
 33, 36,213
 33, 35,213
 33, 34,213
 33, 33,212
 33, 32,212
 33, 31,212
 33, 30,212
 33, 29,212
 33, 28,212
 33, 27,212
 33, 26,212
 33, 25,212
 33, 24,212
 33, 23,212
 33, 22,212
 33, 21,212
 33, 20,212
 33, 19,212
 33, 18,212
 33, 17,212
 33, 16,212
 32, 15,212
 32, 14,212
 32, 13,212
 32, 12,212
 32, 11,212
 32, 10,212
 32,  9,212
 32,  8,212
 32,  7,212
 32,  6,212
 32,  5,212
 32,  4,212
 32,  3,212
 32,  2,212
 32,  1,212
 32,  0,212
 32,  0,212
 32, -1,212
 33, 61,212
 31, -1,212
 32, 61,212
 30, -1,211
 31, 61,212
 29, -1,211
 30, 61,211
 28, -1,210
 29, 61,211
 27, -1,210
 28, 61,210
 26, -1,210
 28, 61,210
 26,  0,209
 27, 62,210
 25,  0,209
 26, 62,209
 24,  0,208
 25, 62,209
 23,  0,208
 24, 62,208
 22,  0,208
 23, 62,208
 21,  0,207
 22, 62,208
 20,  0,207
 21, 62,207
 19,  0,206
 20, 62,207
 18,  0,206
 19, 62,206
 17,  0,205
 18, 62,206
 16,  0,205
 18, 62,206
 15,  0,205
 17, 62,205
 15,  0,204
 16, 62,205
 14,  0,204
 15, 62,204
 13,  0,203
 14, 62,204
 12,  0,203
 13, 62,204
 11,  0,203
 12, 62,203
 10,  0,202
 11, 62,203
  9,  0,202
 10, 62,202
  8,  0,201
  9, 62,202
  7,  0,201
  8, 62,202
  6,  0,201
  7, 62,201
  5,  0,200
  7, 62,201
  5,  0,200
  6, 62,200
  4,  0,199
  5, 62,200
  3,  0,199
  4, 62,199
  2,  0,199
  3, 62,199
  1,  0,198
  2, 62,199
  0,  0,198
  1, 62,198
  0,  0,197
  0, 63,198
 -1,  0,197
  0, 63,197
 -2,  0,197
 -1, 63,197
 -3,  0,196
 -2, 63,197
 -4,  0,196
 -2, 63,196
 -5,  0,195
 -3, 63,196
 -5,  0,195
 -4, 63,195
 -6,  0,195
 -5, 63,195
 -7,  0,194
 -6, 63,195
 -8,  0,194
 -7, 63,194
 -9,  0,193
 -8, 63,194
-10,  0,193
 -9, 63,193
-11,  0,192
-10, 63,193
-12,  0,192
-11, 63,193
-13,  0,192
-12, 63,192
-14,  0,191
-13, 63,192
-15,  0,191
-13, 63,191
-15,  0,190
-14, 63,191
-16,  0,190
-15, 63,191
-17,  0,190
-16, 63,190
-18,  0,189
-17, 63,190
-19,  0,189
-18, 63,189
-20,  0,188
-19, 63,189
-21,  0,188
-20, 63,189
-22,  0,188
-21, 63,188
-23,  0,187
-22, 63,188
-24,  0,187
-23, 63,187
-23, 62,187
-23, 61,187
-23, 60,187
-23, 59,187
-23, 58,187
-23, 57,187
-23, 56,187
-23, 55,187
-23, 54,187
-23, 53,187
-23, 52,187
-23, 51,187
-23, 50,187
-23, 49,187
-23, 48,187
-23, 47,187
-23, 46,187
-23, 45,187
-23, 44,187
-23, 43,187
-23, 42,187
-23, 41,187
-23, 40,187
-23, 39,187
-23, 38,187
-23, 37,187
-23, 36,187
-23, 35,187
-24, 34,187
-24, 33,187
-24, 32,187
-24, 31,187
-24, 30,187
-24, 29,187
-24, 28,187
-24, 27,187
-24, 26,187
-24, 25,187
-24, 24,187
-24, 23,187
-24, 22,187
-24, 21,187
-24, 20,187
-24, 19,187
-24, 18,187
-24, 17,187
-24, 16,187
-24, 15,187
-24, 14,187
-24, 13,187
-24, 12,187
-24, 11,187
-24, 10,187
-24,  9,187
-24,  8,187
-24,  7,186
-24,  6,186
-24,  5,186
-24,  4,186
-24,  3,186
-25,  2,186
-25,  1,186
-25,  0,186
 34, 61,212
 32, -1,211
-22, 63,186
-24,  0,185
 35, 61,211
 33, -1,210
-22, 63,185
-24,  0,185
 35, 61,210
 33, -1,209
-21, 63,185
-23,  0,184
 36, 61,209
 34, -1,208
-21, 63,184
-23,  0,183
 36, 61,208
 34, -1,207
-21, 63,183
-23,  0,182
 36, 61,207
 34, -1,207
-20, 63,182
-22,  0,181
 37, 61,206
 35, -1,206
-20, 63,181
-22,  0,180
 37, 61,206
 35, -1,205
-19, 63,180
-21,  0,179
 38, 61,205
 36, -1,204
-19, 63,179
-21,  0,178
 38, 61,204
 36, -1,203
-19, 63,178
-21,  0,177
 38, 61,203
 36, -1,202
-18, 63,177
-20,  0,176
 39, 61,202
 37, -1,201
-18, 63,176
-20,  0,175
 39, 61,201
 37, -1,200
-17, 63,175
-19,  0,175
 40, 61,200
 38, -1,199
-17, 63,174
-19,  0,174
 40, 61,199
 38, -1,198
-16, 63,174
-18,  0,173
 40, 61,198
 38, -1,197
-16, 63,173
-18,  0,172
 41, 61,197
 39, -1,196
-16, 63,172
-18,  0,171
 41, 61,196
 39, -1,196
-15, 63,171
-17,  0,170
 42, 61,196
 40, -1,195
-15, 63,170
-17,  0,169
 42, 61,195
 40, -1,194
-14, 63,169
-16,  0,168
 42, 61,194
 40, -1,193
-14, 63,168
-16,  0,167
 43, 61,193
 41, -1,192
-14, 63,167
-16,  0,166
 43, 61,192
 41, -1,191
-13, 63,166
-15,  0,165
 44, 61,191
 42, -1,190
-13, 63,165
-15,  0,164
 44, 61,190
 42, -1,189
-12, 63,164
-14,  0,164
 45, 61,189
 43, -1,188
-12, 63,164
-14,  0,163
 45, 61,188
 43, -1,187
-12, 63,163
-14,  0,162
 45, 61,187
 43, -1,186
-11, 63,162
-13,  0,161
 46, 61,186
 44, -1,186
-11, 63,161
-13,  0,160
 46, 61,185
 44, -1,185
-10, 63,160
-12,  0,159
 47, 61,185
 45, -1,184
-10, 63,159
-12,  0,158
 47, 61,184
 45, -1,183
-10, 63,158
-12,  0,157
 47, 61,183
 45, -1,182
 -9, 63,157
-11,  0,156
 48, 61,182
 46, -1,181
 -9, 63,156
-11,  0,155
 48, 61,181
 46, -1,180
 -8, 63,155
-10,  0,154
 49, 61,180
 47, -1,179
 -8, 63,154
-10,  0,153
 49, 61,179
 47, -1,178
 -8, 63,153
-10,  0,153
 49, 61,178
 47, -1,177
 -7, 63,153
 -9,  0,152
 50, 61,177
 48, -1,176
 -7, 63,152
 -9,  0,151
 50, 61,176
 48, -1,175
 -6, 63,151
 -8,  0,150
 51, 61,175
 49, -1,175
 -6, 63,150
 -8,  0,149
 51, 61,175
 49, -1,174
 -5, 63,149
 -8,  0,148
 51, 61,174
 49, -1,173
 -5, 63,148
 -7,  0,147
 52, 61,173
 50, -1,172
 -5, 63,147
 -7,  0,146
 52, 61,172
 50, -1,171
 -4, 63,146
 -6,  0,145
 53, 61,171
 51, -1,170
 -4, 63,145
 -6,  0,144
 53, 61,170
 51, -1,169
 -3, 63,144
 -5,  0,143
 53, 61,169
 51, -1,168
 -3, 63,143
 -5,  0,143
 54, 61,168
 52, -1,167
 -3, 63,143
 -5,  0,142
 54, 61,167
 52, -1,166
 -2, 63,142
 -4,  0,141
 55, 61,166
 53, -1,165
 -2, 63,141
 -4,  0,140
 55, 61,165
 53, -1,164
 -1, 63,140
 -3,  0,139
 55, 61,164
 53, -1,164
 -1, 63,139
 -3,  0,138
 56, 61,164
 54, -1,163
 -1, 63,138
 -3,  0,137
 56, 61,163
 54, -1,162
  0, 63,137
 -2,  0,136
 57, 61,162
 55, -1,161
  0, 63,136
 -2,  0,135
 57, 61,161
 55, -1,160
  0, 63,135
 -1,  0,134
 58, 61,160
 56, -1,159
  0, 63,134
 -1,  0,133
 58, 61,159
 56, -1,158
  0, 63,133
 -1,  0,132
 58, 61,158
 56, -1,157
  1, 63,132
  0,  0,132
 59, 61,157
 57, -1,156
  1, 63,132
  0,  0,131
 59, 61,156
 57, -1,155
  2, 63,131
  0,  0,130
 60, 61,155
 60, 60,155
 60, 59,155
 59, 58,155
 59, 57,155
 59, 56,155
 59, 55,155
 59, 54,155
 59, 53,155
 59, 52,155
 59, 51,155
 59, 50,155
 59, 49,155
 59, 48,155
 59, 47,155
 59, 46,155
 59, 45,155
 59, 44,155
 59, 43,155
 59, 42,155
 59, 41,155
 59, 40,155
 59, 39,155
 59, 38,155
 59, 37,155
 59, 36,155
 59, 35,155
 59, 34,155
 59, 33,155
 59, 32,155
 59, 31,155
 59, 30,155
 59, 29,155
 59, 28,155
 58, 27,155
 58, 26,155
 58, 25,155
 58, 24,155
 58, 23,155
 58, 22,155
 58, 21,155
 58, 20,155
 58, 19,155
 58, 18,155
 58, 17,155
 58, 16,155
 58, 15,155
 58, 14,155
 58, 13,155
 58, 12,155
 58, 11,155
 58, 10,155
 58,  9,155
 58,  8,155
 58,  7,155
 58,  6,155
 58,  5,155
 58,  4,155
 58,  3,155
 58,  2,154
 58,  1,154
 58,  0,154
 58,  0,154
 58, -1,154
 59, 61,155
 57, -1,154
 58, 61,155
 56, -1,154
 57, 61,154
 55, -1,153
 56, 61,154
 54, -1,153
 55, 61,153
 53, -1,152
 54, 61,153
 52, -1,152
 53, 61,152
 51,  0,152
 52, 62,152
 50,  0,151
 51, 62,152
 49,  0,151
 50, 62,151
 48,  0,150
 50, 62,151
 48,  0,150
 49, 62,150
 47,  0,150
 48, 62,150
 46,  0,149
 47, 62,150
 45,  0,149
 46, 62,149
 44,  0,148
 45, 62,149
 43,  0,148
 44, 62,148
 42,  0,148
 43, 62,148
 41,  0,147
 42, 62,148
 40,  0,147
 41, 62,147
 39,  0,146
 40, 62,147
 38,  0,146
 39, 62,146
 37,  0,146
 39, 62,146
 37,  0,145
 38, 62,146
 36,  0,145
 37, 62,145
 35,  0,144
 36, 62,145
 34,  0,144
 35, 62,144
 33,  0,143
 34, 62,144
 32,  0,143
 33, 62,144
 31,  0,143
 32, 62,143
 30,  0,142
 31, 62,143
 29,  0,142
 30, 62,142
 28,  0,141
 29, 62,142
 27,  0,141
 29, 62,142
 27,  0,141
 28, 62,141
 26,  0,140
 27, 62,141
 25,  0,140
 26, 63,140
 24,  0,139
 25, 63,140
 23,  0,139
 24, 63,139
 22,  0,139
 23, 63,139
 21,  0,138
 22, 63,139
 20,  0,138
 21, 63,138
 19,  0,137
 20, 63,138
 18,  0,137
 19, 63,137
 17,  0,137
 18, 63,137
 16,  0,136
 18, 63,137
 16,  0,136
 17, 63,136
 15,  0,135
 16, 63,136
 14,  0,135
 15, 63,135
 13,  0,135
 14, 63,135
 12,  0,134
 13, 63,135
 11,  0,134
 12, 63,134
 10,  0,133
 11, 63,134
  9,  0,133
 10, 63,133
  8,  0,132
  9, 63,133
  7,  0,132
  8, 63,133
  6,  0,132
  8, 63,132
  6,  0,131
  7, 63,132
  5,  0,131
  6, 63,131
  4,  0,130
  5, 63,131
  3,  0,130
  4, 63,131
  2,  0,130
  3, 63,130
  1,  0,129
  2, 63,130
  2, 62,130
  2, 61,130
  2, 60,130
  2, 59,130
  2, 58,130
  2, 57,130
  2, 56,130
  2, 55,130
  2, 54,130
  2, 53,130
  2, 52,130
  2, 51,130
  2, 50,130
  2, 49,130
  2, 48,130
  2, 47,130
  2, 46,129
  1, 45,129
  1, 44,129
  1, 43,129
  1, 42,129
  1, 41,129
  1, 40,129
  1, 39,129
  1, 38,129
  1, 37,129
  1, 36,129
  1, 35,129
  1, 34,129
  1, 33,129
  1, 32,129
  1, 31,129
  1, 30,129
  1, 29,129
  1, 28,129
  1, 27,129
  1, 26,129
  1, 25,129
  1, 24,129
  1, 23,129
  1, 22,129
  1, 21,129
  1, 20,129
  1, 19,129
  1, 18,129
  1, 17,129
  1, 16,129
  1, 15,129
  0, 14,129
  0, 13,129
  0, 12,129
  0, 11,129
  0, 10,129
  0,  9,129
  0,  8,129
  0,  7,129
  0,  6,129
  0,  5,129
  0,  4,129
  0,  3,129
  0,  2,129
  0,  1,129
  0,  0,129
 30,-66,211
 30,-67,211
 30,-68,211
 30,-69,211
 30,-70,211
 30,-71,211
 30,-72,211
 30,-73,211
 30,-74,211
 30,-75,211
 30,-76,211
 30,-77,211
 29,-78,211
 29,-79,211
 29,-80,211
 29,-81,211
 29,-82,211
 29,-83,211
 29,-84,211
 29,-85,211
 29,-86,211
 29,-87,211
 29,-88,211
 29,-89,211
 29,-90,211
 29,-91,211
 29,-92,211
 29,-93,211
 29,-94,211
 29,-95,211
 29,-96,211
 29,-97,211
 29,-98,211
 29,-99,211
 29,-100,211
 29,-101,211
 29,-102,211
 29,-103,211
 29,-104,211
 29,-105,211
 29,-106,211
 29,-107,210
 29,-108,210
 28,-109,210
 28,-110,210
 28,-111,210
 28,-112,210
 28,-113,210
 28,-114,210
 28,-115,210
 28,-116,210
 28,-117,210
 28,-118,210
 28,-119,210
 28,-120,210
 28,-121,210
 28,-122,210
 28,-123,210
 28,-124,210
 28,-125,210
 28,-126,210
 28,-127,210
 28,-128,210
 28,-129,210
 29,-66,211
 27,-129,210
 28,-66,210
 26,-129,209
 27,-66,210
 25,-129,209
 26,-66,209
 24,-129,209
 25,-66,209
 23,-128,208
 24,-65,209
 22,-128,208
 23,-65,208
 21,-128,207
 23,-65,208
 21,-128,207
 22,-65,207
 20,-128,207
 21,-65,207
 19,-128,206
 20,-65,207
 18,-128,206
 19,-65,206
 17,-128,205
 18,-65,206
 16,-128,205
 17,-65,205
 15,-128,204
 16,-65,205
 14,-128,204
 15,-65,205
 13,-128,204
 14,-65,204
 12,-128,203
 13,-65,204
 11,-128,203
 13,-65,203
 11,-128,202
 12,-65,203
 10,-128,202
 11,-65,203
  9,-128,202
 10,-65,202
  8,-128,201
  9,-65,202
  7,-128,201
  8,-65,201
  6,-128,200
  7,-65,201
  5,-128,200
  6,-65,201
  4,-128,200
  5,-65,200
  3,-128,199
  4,-65,200
  2,-128,199
  3,-65,199
  1,-128,198
  2,-65,199
  0,-128,198
  2,-65,198
  0,-128,198
  1,-65,198
  0,-128,197
  0,-65,198
 -1,-128,197
  0,-65,197
 -2,-127,196
 -1,-64,197
 -3,-127,196
 -2,-64,196
 -4,-127,196
 -3,-64,196
 -5,-127,195
 -4,-64,196
 -6,-127,195
 -5,-64,195
 -7,-127,194
 -6,-64,195
 -8,-127,194
 -7,-64,194
 -9,-127,194
 -7,-64,194
 -9,-127,193
 -8,-64,194
-10,-127,193
 -9,-64,193
-11,-127,192
-10,-64,193
-12,-127,192
-11,-64,192
-13,-127,191
-12,-64,192
-14,-127,191
-13,-64,192
-15,-127,191
-14,-64,191
-16,-127,190
-15,-64,191
-17,-127,190
-16,-64,190
-18,-127,189
-17,-64,190
-19,-127,189
-18,-64,190
-20,-127,189
-18,-64,189
-20,-127,188
-19,-64,189
-21,-127,188
-20,-64,188
-22,-127,187
-21,-64,188
-23,-127,187
-22,-64,187
-24,-127,187
-23,-64,187
-25,-127,186
-24,-64,187
-26,-127,186
-25,-64,186
-27,-127,185
-26,-64,186
-28,-126,185
-27,-63,185
-27,-64,185
-27,-65,185
-27,-66,185
-27,-67,185
-27,-68,185
-27,-69,185
-27,-70,185
-27,-71,185
-27,-72,185
-27,-73,185
-27,-74,185
-27,-75,185
-27,-76,185
-27,-77,185
-27,-78,185
-27,-79,185
-27,-80,185
-27,-81,185
-27,-82,185
-27,-83,185
-27,-84,185
-27,-85,185
-27,-86,185
-27,-87,185
-27,-88,185
-27,-89,185
-28,-90,185
-28,-91,185
-28,-92,185
-28,-93,185
-28,-94,185
-28,-95,185
-28,-96,185
-28,-97,185
-28,-98,185
-28,-99,185
-28,-100,185
-28,-101,185
-28,-102,185
-28,-103,185
-28,-104,185
-28,-105,185
-28,-106,185
-28,-107,185
-28,-108,185
-28,-109,185
-28,-110,185
-28,-111,185
-28,-112,185
-28,-113,185
-28,-114,185
-28,-115,185
-28,-116,185
-28,-117,185
-28,-118,185
-28,-119,185
-28,-120,185
-29,-121,185
-29,-122,185
-29,-123,185
-29,-124,185
-29,-125,185
-29,-126,185
 30,-66,210
 28,-129,209
-26,-63,185
-28,-126,184
 31,-66,209
 29,-129,208
-26,-63,184
-28,-126,183
 31,-66,208
 29,-129,207
-25,-63,183
-27,-126,182
 31,-66,207
 29,-129,207
-25,-63,182
-27,-126,181
 32,-66,207
 30,-129,206
-25,-63,181
-27,-126,180
 32,-66,206
 30,-129,205
-24,-63,180
-26,-126,179
 33,-66,205
 31,-129,204
-24,-63,179
-26,-126,178
 33,-66,204
 31,-129,203
-23,-63,178
-25,-126,177
 34,-66,203
 32,-129,202
-23,-63,177
-25,-126,176
 34,-66,202
 32,-129,201
-23,-63,176
-25,-126,175
 34,-66,201
 32,-129,200
-22,-63,175
-24,-126,175
 35,-66,200
 33,-129,199
-22,-63,175
-24,-126,174
 35,-66,199
 33,-129,198
-21,-63,174
-23,-126,173
 36,-66,198
 34,-129,197
-21,-63,173
-23,-126,172
 36,-66,197
 34,-129,196
-21,-63,172
-23,-126,171
 36,-66,196
 34,-129,196
-20,-63,171
-22,-126,170
 37,-66,196
 35,-129,195
-20,-63,170
-22,-126,169
 37,-66,195
 35,-129,194
-19,-63,169
-21,-126,168
 38,-66,194
 36,-129,193
-19,-63,168
-21,-126,167
 38,-66,193
 36,-129,192
-19,-63,167
-21,-126,166
 38,-66,192
 36,-129,191
-18,-63,166
-20,-126,165
 39,-66,191
 37,-129,190
-18,-63,165
-20,-126,164
 39,-66,190
 37,-129,189
-17,-63,164
-19,-126,164
 40,-66,189
 38,-129,188
-17,-63,164
-19,-126,163
 40,-66,188
 38,-129,187
-16,-63,163
-18,-126,162
 40,-66,187
 38,-129,186
-16,-63,162
-18,-126,161
 41,-66,186
 39,-129,186
-16,-63,161
-18,-126,160
 41,-66,185
 39,-129,185
-15,-63,160
-17,-126,159
 42,-66,185
 40,-129,184
-15,-63,159
-17,-126,158
 42,-66,184
 40,-129,183
-14,-63,158
-16,-126,157
 42,-66,183
 40,-129,182
-14,-63,157
-16,-126,156
 43,-66,182
 41,-129,181
-14,-63,156
-16,-126,155
 43,-66,181
 41,-129,180
-13,-63,155
-15,-126,154
 44,-66,180
 42,-129,179
-13,-63,154
-15,-126,154
 44,-66,179
 42,-129,178
-12,-63,153
-14,-126,153
 45,-66,178
 42,-129,177
-12,-63,153
-14,-126,152
 45,-66,177
 43,-129,176
-12,-63,152
-14,-126,151
 45,-66,176
 43,-129,175
-11,-63,151
-13,-126,150
 46,-66,175
 44,-129,175
-11,-63,150
-13,-126,149
 46,-66,175
 44,-129,174
-10,-63,149
-12,-126,148
 47,-66,174
 45,-129,173
-10,-63,148
-12,-126,147
 47,-66,173
 45,-129,172
-10,-63,147
-12,-126,146
 47,-66,172
 45,-129,171
 -9,-63,146
-11,-126,145
 48,-66,171
 46,-129,170
 -9,-63,145
-11,-126,144
 48,-66,170
 46,-129,169
 -8,-63,144
-10,-126,143
 49,-66,169
 47,-129,168
 -8,-63,143
-10,-126,143
 49,-66,168
 47,-129,167
 -8,-63,143
-10,-126,142
 49,-66,167
 47,-129,166
 -7,-63,142
 -9,-126,141
 50,-66,166
 48,-129,165
 -7,-63,141
 -9,-126,140
 50,-66,165
 48,-129,165
 -6,-63,140
 -8,-126,139
 51,-66,164
 49,-129,164
 -6,-63,139
 -8,-126,138
 51,-66,164
 49,-129,163
 -6,-63,138
 -8,-126,137
 51,-66,163
 49,-129,162
 -5,-63,137
 -7,-126,136
 52,-66,162
 50,-129,161
 -5,-63,136
 -7,-126,135
 52,-66,161
 50,-129,160
 -4,-63,135
 -6,-126,134
 53,-66,160
 51,-129,159
 -4,-63,134
 -6,-126,133
 53,-66,159
 51,-129,158
 -3,-63,133
 -5,-126,132
 53,-66,158
 51,-129,157
 -3,-63,132
 -5,-126,132
 54,-66,157
 52,-129,156
 -3,-63,132
 -5,-126,131
 54,-66,156
 52,-129,155
 -2,-63,131
 -4,-126,130
 55,-66,155
 53,-129,154
 -2,-63,130
 -4,-126,129
 55,-66,154
 53,-129,154
 -1,-63,129
 -3,-126,128
 55,-66,154
 55,-67,154
 55,-68,153
 55,-69,153
 55,-70,153
 55,-71,153
 55,-72,153
 55,-73,153
 55,-74,153
 55,-75,153
 55,-76,153
 55,-77,153
 55,-78,153
 55,-79,153
 55,-80,153
 55,-81,153
 55,-82,153
 55,-83,153
 55,-84,153
 55,-85,153
 55,-86,153
 55,-87,153
 55,-88,153
 55,-89,153
 55,-90,153
 55,-91,153
 55,-92,153
 55,-93,153
 55,-94,153
 55,-95,153
 55,-96,153
 54,-97,153
 54,-98,153
 54,-99,153
 54,-100,153
 54,-101,153
 54,-102,153
 54,-103,153
 54,-104,153
 54,-105,153
 54,-106,153
 54,-107,153
 54,-108,153
 54,-109,153
 54,-110,153
 54,-111,153
 54,-112,153
 54,-113,153
 54,-114,153
 54,-115,153
 54,-116,153
 54,-117,153
 54,-118,153
 54,-119,153
 54,-120,153
 54,-121,153
 54,-122,153
 54,-123,153
 54,-124,153
 54,-125,153
 54,-126,153
 54,-127,153
 54,-128,153
 53,-129,153
 55,-66,153
 53,-129,152
 54,-66,153
 52,-129,152
 53,-66,152
 51,-129,151
 52,-66,152
 50,-129,151
 51,-66,151
 49,-128,151
 50,-65,151
 48,-128,150
 49,-65,151
 47,-128,150
 48,-65,150
 46,-128,149
 47,-65,150
 45,-128,149
 46,-65,149
 44,-128,149
 45,-65,149
 43,-128,148
 45,-65,149
 43,-128,148
 44,-65,148
 42,-128,147
 43,-65,148
 41,-128,147
 42,-65,147
 40,-128,147
 41,-65,147
 39,-128,146
 40,-65,147
 38,-128,146
 39,-65,146
 37,-128,145
 38,-65,146
 36,-128,145
 37,-65,145
 35,-128,144
 36,-65,145
 34,-128,144
 35,-65,145
 33,-128,144
 34,-65,144
 32,-128,143
 34,-65,144
 32,-128,143
 33,-65,143
 31,-128,142
 32,-65,143
 30,-128,142
 31,-65,143
 29,-128,142
 30,-65,142
 28,-128,141
 29,-65,142
 27,-128,141
 28,-65,141
 26,-128,140
 27,-65,141
 25,-128,140
 26,-65,141
 24,-128,140
 25,-65,140
 23,-128,139
 24,-65,140
 22,-127,139
 24,-64,139
 22,-127,138
 23,-64,139
 21,-127,138
 22,-64,138
 20,-127,138
 21,-64,138
 19,-127,137
 20,-64,138
 18,-127,137
 19,-64,137
 17,-127,136
 18,-64,137
 16,-127,136
 17,-64,136
 15,-127,136
 16,-64,136
 14,-127,135
 15,-64,136
 13,-127,135
 14,-64,135
 12,-127,134
 13,-64,135
 11,-127,134
 13,-64,134
 11,-127,134
 12,-64,134
 10,-127,133
 11,-64,134
  9,-127,133
 10,-64,133
  8,-127,132
  9,-64,133
  7,-127,132
  8,-64,132
  6,-127,131
  7,-64,132
  5,-127,131
  6,-64,132
  4,-127,131
  5,-64,131
  3,-127,130
  4,-64,131
  2,-127,130
  3,-64,130
  1,-127,129
  3,-64,130
  1,-127,129
  2,-64,130
  0,-127,129
  1,-64,129
  0,-127,128
  0,-64,129
 -1,-127,128
  0,-64,128
 -2,-126,127
 -1,-63,128
 -1,-64,128
 -1,-65,128
 -1,-66,128
 -1,-67,128
 -1,-68,128
 -1,-69,128
 -1,-70,128
 -1,-71,128
 -1,-72,128
 -1,-73,128
 -1,-74,128
 -1,-75,128
 -1,-76,128
 -1,-77,128
 -2,-78,128
 -2,-79,128
 -2,-80,128
 -2,-81,128
 -2,-82,128
 -2,-83,128
 -2,-84,128
 -2,-85,128
 -2,-86,128
 -2,-87,128
 -2,-88,128
 -2,-89,128
 -2,-90,128
 -2,-91,128
 -2,-92,127
 -2,-93,127
 -2,-94,127
 -2,-95,127
 -2,-96,127
 -2,-97,127
 -2,-98,127
 -2,-99,127
 -2,-100,127
 -2,-101,127
 -2,-102,127
 -2,-103,127
 -2,-104,127
 -2,-105,127
 -2,-106,127
 -2,-107,127
 -2,-108,127
 -3,-109,127
 -3,-110,127
 -3,-111,127
 -3,-112,127
 -3,-113,127
 -3,-114,127
 -3,-115,127
 -3,-116,127
 -3,-117,127
 -3,-118,127
 -3,-119,127
 -3,-120,127
 -3,-121,127
 -3,-122,127
 -3,-123,127
 -3,-124,127
 -3,-125,127
 -3,-126,127
-21,127,188
-21,126,188
-22,125,188
-22,124,188
-22,123,188
-22,122,188
-22,121,188
-22,120,188
-22,119,188
-22,118,188
-22,117,188
-22,116,188
-22,115,188
-22,114,188
-22,113,188
-22,112,188
-22,111,188
-22,110,188
-22,109,188
-22,108,188
-22,107,187
-22,106,187
-22,105,187
-22,104,187
-22,103,187
-22,102,187
-22,101,187
-22,100,187
-22, 99,187
-22, 98,187
-22, 97,187
-22, 96,187
-22, 95,187
-23, 94,187
-23, 93,187
-23, 92,187
-23, 91,187
-23, 90,187
-23, 89,187
-23, 88,187
-23, 87,187
-23, 86,187
-23, 85,187
-23, 84,187
-23, 83,187
-23, 82,187
-23, 81,187
-23, 80,187
-23, 79,187
-23, 78,187
-23, 77,187
-23, 76,187
-23, 75,187
-23, 74,187
-23, 73,187
-23, 72,187
-23, 71,187
-23, 70,187
-23, 69,187
-23, 68,187
-23, 67,187
-23, 66,187
-23, 65,187
-23, 64,187
-22,127,187
-24, 64,186
-23,127,187
-25, 65,186
-24,128,187
-26, 65,186
-25,128,186
-27, 65,185
-26,128,186
-28, 65,185
-27,128,185
-29, 65,184
-28,128,185
-30, 65,184
-29,128,185
-31, 65,184
-30,128,184
-32, 65,183
-31,128,184
-33, 65,183
-31,128,183
-34, 65,182
-32,128,183
-34, 65,182
-33,128,182
-35, 65,182
-34,128,182
-36, 65,181
-35,128,182
-37, 65,181
-36,128,181
-38, 65,180
-37,128,181
-39, 65,180
-38,128,180
-40, 65,180
-39,128,180
-41, 65,179
-40,128,180
-42, 65,179
-41,128,179
-43, 65,178
-42,128,179
-44, 65,178
-42,128,178
-44, 65,178
-43,128,178
-45, 65,177
-44,128,178
-46, 65,177
-45,128,177
-47, 65,176
-46,128,177
-48, 65,176
-47,128,176
-49, 65,176
-48,128,176
-50, 65,175
-49,128,176
-51, 66,175
-50,129,175
-52, 66,174
-51,129,175
-53, 66,174
-52,129,174
-54, 66,173
-52,129,174
-55, 66,173
-53,129,174
-55, 66,173
-54,129,173
-56, 66,172
-55,129,173
-57, 66,172
-56,129,172
-58, 66,171
-57,129,172
-59, 66,171
-58,129,172
-60, 66,171
-59,129,171
-61, 66,170
-60,129,171
-62, 66,170
-61,129,170
-63, 66,169
-62,129,170
-64, 66,169
-63,129,169
-65, 66,169
-63,129,169
-65, 66,168
-64,129,169
-66, 66,168
-65,129,168
-67, 66,167
-66,129,168
-68, 66,167
-67,129,167
-69, 66,167
-68,129,167
-70, 66,166
-69,129,167
-71, 66,166
-70,129,166
-72, 66,165
-71,129,166
-73, 66,165
-72,129,165
-74, 66,165
-73,129,165
-75, 66,164
-73,129,165
-75, 66,164
-74,129,164
-76, 66,163
-75,129,164
-77, 67,163
-76,130,163
-78, 67,163
-77,130,163
-79, 67,162
-78,130,163
-80, 67,162
-79,130,162
-79,129,162
-79,128,162
-79,127,162
-79,126,162
-79,125,162
-79,124,162
-79,123,162
-79,122,162
-79,121,162
-79,120,162
-79,119,162
-79,118,162
-79,117,162
-79,116,162
-79,115,162
-79,114,162
-80,113,162
-80,112,162
-80,111,162
-80,110,162
-80,109,162
-80,108,162
-80,107,162
-80,106,162
-80,105,162
-80,104,162
-80,103,162
-80,102,162
-80,101,162
-80,100,162
-80, 99,162
-80, 98,162
-80, 97,162
-80, 96,162
-80, 95,162
-80, 94,162
-80, 93,162
-80, 92,162
-80, 91,162
-80, 90,162
-80, 89,162
-80, 88,162
-80, 87,162
-80, 86,162
-80, 85,162
-80, 84,162
-80, 83,162
-80, 82,161
-81, 81,161
-81, 80,161
-81, 79,161
-81, 78,161
-81, 77,161
-81, 76,161
-81, 75,161
-81, 74,161
-81, 73,161
-81, 72,161
-81, 71,161
-81, 70,161
-81, 69,161
-81, 68,161
-81, 67,161
-21,127,187
-23, 64,186
-79,130,161
-81, 67,160
-21,127,186
-23, 64,185
-78,130,160
-80, 67,159
-20,127,185
-22, 64,184
-78,130,159
-80, 67,159
-20,127,184
-22, 64,183
-77,130,159
-79, 67,158
-19,127,183
-21, 64,182
-77,130,158
-79, 67,157
-19,127,182
-21, 64,181
-77,130,157
-79, 67,156
-19,127,181
-21, 64,180
-76,130,156
-78, 67,155
-18,127,180
-20, 64,180
-76,130,155
-78, 67,154
-18,127,180
-20, 64,179
-75,130,154
-77, 67,153
-17,127,179
-19, 64,178
-75,130,153
-77, 67,152
-17,127,178
-19, 64,177
-74,130,152
-77, 67,151
-17,127,177
-19, 64,176
-74,130,151
-76, 67,150
-16,127,176
-18, 64,175
-74,130,150
-76, 67,149
-16,127,175
-18, 64,174
-73,130,149
-75, 67,148
-15,127,174
-17, 64,173
-73,130,148
-75, 67,148
-15,127,173
-17, 64,172
-72,130,148
-74, 67,147
-15,127,172
-17, 64,171
-72,130,147
-74, 67,146
-14,127,171
-16, 64,170
-72,130,146
-74, 67,145
-14,127,170
-16, 64,170
-71,130,145
-73, 67,144
-13,127,170
-15, 64,169
-71,130,144
-73, 67,143
-13,127,169
-15, 64,168
-70,130,143
-72, 67,142
-13,127,168
-15, 64,167
-70,130,142
-72, 67,141
-12,127,167
-14, 64,166
-70,130,141
-72, 67,140
-12,127,166
-14, 64,165
-69,130,140
-71, 67,139
-11,127,165
-13, 64,164
-69,130,139
-71, 67,138
-11,127,164
-13, 64,163
-68,130,138
-70, 67,138
-10,127,163
-12, 64,162
-68,130,138
-70, 67,137
-10,127,162
-12, 64,161
-68,130,137
-70, 67,136
-10,127,161
-12, 64,160
-67,130,136
-69, 67,135
 -9,127,160
-11, 64,159
-67,130,135
-69, 67,134
 -9,127,159
-11, 64,159
-66,130,134
-68, 67,133
 -8,127,159
-10, 64,158
-66,130,133
-68, 67,132
 -8,127,158
-10, 64,157
-66,130,132
-68, 67,131
 -8,127,157
-10, 64,156
-65,130,131
-67, 67,130
 -7,127,156
 -9, 64,155
-65,130,130
-67, 67,129
 -7,127,155
 -9, 64,154
-64,130,129
-66, 67,128
 -6,127,154
 -8, 64,153
-64,130,128
-66, 67,127
 -6,127,153
 -8, 64,152
-64,130,127
-66, 67,127
 -6,127,152
 -8, 64,151
-63,130,127
-65, 67,126
 -5,127,151
 -7, 64,150
-63,130,126
-65, 67,125
 -5,127,150
 -7, 64,149
-62,130,125
-64, 67,124
 -4,127,149
 -6, 64,149
-62,130,124
-64, 67,123
 -4,127,149
 -6, 64,148
-61,130,123
-63, 67,122
 -4,127,148
 -6, 64,147
-61,130,122
-63, 67,121
 -3,127,147
 -5, 64,146
-61,130,121
-63, 67,120
 -3,127,146
 -5, 64,145
-60,130,120
-62, 67,119
 -2,127,145
 -4, 64,144
-60,130,119
-62, 67,118
 -2,127,144
 -4, 64,143
-59,130,118
-61, 67,117
 -2,127,143
 -4, 64,142
-59,130,117
-61, 67,117
 -1,127,142
 -3, 64,141
-59,130,116
-61, 67,116
 -1,127,141
 -3, 64,140
-58,130,116
-60, 67,115
  0,127,140
 -2, 64,139
-58,130,115
-60, 67,114
  0,127,139
 -2, 64,138
-57,130,114
-59, 67,113
  0,127,138
 -1, 64,138
-57,130,113
-59, 67,112
  0,127,138
 -1, 64,137
-57,130,112
-59, 67,111
  0,127,137
 -1, 64,136
-56,130,111
-58, 67,110
  1,127,136
  0, 64,135
-56,130,110
-58, 67,109
  1,127,135
  0, 64,134
-55,130,109
-57, 67,108
  2,127,134
  0, 64,133
-55,130,108
-57, 67,107
  2,127,133
  0, 64,132
-55,130,107
-57, 67,106
  2,127,132
  0, 64,131
-54,130,106
-56, 67,106
  3,127,131
  1, 64,130
-54,130,106
-56, 67,105
  3,127,130
  3,126,130
  3,125,130
  3,124,130
  3,123,130
  3,122,130
  3,121,130
  3,120,130
  3,119,130
  3,118,130
  3,117,130
  3,116,130
  3,115,130
  3,114,130
  3,113,130
  3,112,130
  3,111,130
  3,110,130
  3,109,130
  3,108,130
  3,107,130
  3,106,130
  2,105,130
  2,104,130
  2,103,130
  2,102,130
  2,101,130
  2,100,130
  2, 99,130
  2, 98,130
  2, 97,130
  2, 96,130
  2, 95,130
  2, 94,130
  2, 93,130
  2, 92,130
  2, 91,130
  2, 90,130
  2, 89,130
  2, 88,130
  2, 87,130
  2, 86,130
  2, 85,130
  2, 84,130
  2, 83,130
  2, 82,130
  2, 81,130
  2, 80,130
  2, 79,130
  2, 78,130
  2, 77,130
  2, 76,130
  2, 75,129
  1, 74,129
  1, 73,129
  1, 72,129
  1, 71,129
  1, 70,129
  1, 69,129
  1, 68,129
  1, 67,129
  1, 66,129
  1, 65,129
  1, 64,129
  2,127,130
  0, 64,129
  1,127,129
  0, 65,129
  0,128,129
 -1, 65,128
  0,128,129
 -1, 65,128
  0,128,128
 -2, 65,127
 -1,128,128
 -3, 65,127
 -2,128,127
 -4, 65,126
 -3,128,127
 -5, 65,126
 -4,128,127
 -6, 65,126
 -5,128,126
 -7, 65,125
 -6,128,126
 -8, 65,125
 -7,128,125
 -9, 65,124
 -8,128,125
-10, 65,124
 -9,128,125
-11, 65,124
-10,128,124
-12, 65,123
-10,128,124
-12, 65,123
-11,128,123
-13, 65,122
-12,128,123
-14, 65,122
-13,128,123
-15, 65,122
-14,128,122
-16, 65,121
-15,128,122
-17, 65,121
-16,128,121
-18, 65,120
-17,128,121
-19, 65,120
-18,128,120
-20, 65,120
-19,128,120
-21, 65,119
-20,128,120
-22, 65,119
-20,128,119
-22, 65,118
-21,128,119
-23, 65,118
-22,128,118
-24, 65,118
-23,128,118
-25, 66,117
-24,129,118
-26, 66,117
-25,129,117
-27, 66,116
-26,129,117
-28, 66,116
-27,129,116
-29, 66,116
-28,129,116
-30, 66,115
-29,129,116
-31, 66,115
-30,129,115
-32, 66,114
-31,129,115
-33, 66,114
-31,129,114
-33, 66,113
-32,129,114
-34, 66,113
-33,129,114
-35, 66,113
-34,129,113
-36, 66,112
-35,129,113
-37, 66,112
-36,129,112
-38, 66,111
-37,129,112
-39, 66,111
-38,129,112
-40, 66,111
-39,129,111
-41, 66,110
-40,129,111
-42, 66,110
-41,129,110
-43, 66,109
-41,129,110
-43, 66,109
-42,129,109
-44, 66,109
-43,129,109
-45, 66,108
-44,129,109
-46, 66,108
-45,129,108
-47, 66,107
-46,129,108
-48, 66,107
-47,129,107
-49, 66,107
-48,129,107
-50, 66,106
-49,129,107
-51, 66,106
-50,129,106
-52, 67,105
-51,130,106
-53, 67,105
-52,130,105
-54, 67,105
-52,130,105
-54, 67,104
-53,130,105
-53,129,105
-53,128,105
-53,127,105
-53,126,105
-54,125,105
-54,124,105
-54,123,105
-54,122,105
-54,121,104
-54,120,104
-54,119,104
-54,118,104
-54,117,104
-54,116,104
-54,115,104
-54,114,104
-54,113,104
-54,112,104
-54,111,104
-54,110,104
-54,109,104
-54,108,104
-54,107,104
-54,106,104
-54,105,104
-54,104,104
-54,103,104
-54,102,104
-54,101,104
-54,100,104
-54, 99,104
-54, 98,104
-54, 97,104
-54, 96,104
-54, 95,104
-54, 94,104
-55, 93,104
-55, 92,104
-55, 91,104
-55, 90,104
-55, 89,104
-55, 88,104
-55, 87,104
-55, 86,104
-55, 85,104
-55, 84,104
-55, 83,104
-55, 82,104
-55, 81,104
-55, 80,104
-55, 79,104
-55, 78,104
-55, 77,104
-55, 76,104
-55, 75,104
-55, 74,104
-55, 73,104
-55, 72,104
-55, 71,104
-55, 70,104
-55, 69,104
-55, 68,104
-55, 67,104
-26,  0,186
-26,  0,186
-26, -1,186
-26, -2,186
-26, -3,186
-26, -4,186
-26, -5,186
-26, -6,186
-26, -7,186
-26, -8,186
-26, -9,186
-26,-10,186
-26,-11,186
-26,-12,186
-26,-13,186
-26,-14,186
-26,-15,186
-26,-16,186
-26,-17,186
-26,-18,186
-26,-19,186
-26,-20,186
-26,-21,186
-26,-22,186
-26,-23,186
-26,-24,186
-26,-25,186
-26,-26,186
-26,-27,186
-26,-28,186
-26,-29,186
-27,-30,186
-27,-31,186
-27,-32,185
-27,-33,185
-27,-34,185
-27,-35,185
-27,-36,185
-27,-37,185
-27,-38,185
-27,-39,185
-27,-40,185
-27,-41,185
-27,-42,185
-27,-43,185
-27,-44,185
-27,-45,185
-27,-46,185
-27,-47,185
-27,-48,185
-27,-49,185
-27,-50,185
-27,-51,185
-27,-52,185
-27,-53,185
-27,-54,185
-27,-55,185
-27,-56,185
-27,-57,185
-27,-58,185
-27,-59,185
-27,-60,185
-28,-61,185
-28,-62,185
-26,  0,186
-28,-62,185
-27,  0,185
-29,-62,184
-28,  0,185
-30,-62,184
-29,  0,184
-31,-62,183
-30,  0,184
-32,-62,183
-31,  0,184
-33,-62,183
-32,  0,183
-34,-62,182
-33,  0,183
-35,-62,182
-34,  0,182
-36,-62,181
-35,  0,182
-37,-62,181
-36,  0,181
-38,-62,181
-36,  0,181
-38,-62,180
-37,  0,181
-39,-62,180
-38,  0,180
-40,-62,179
-39,  0,180
-41,-62,179
-40,  0,179
-42,-62,179
-41,  0,179
-43,-62,178
-42,  0,179
-44,-62,178
-43,  0,178
-45,-62,177
-44,  0,178
-46,-62,177
-45,  0,177
-47,-62,177
-46,  0,177
-48,-62,176
-47,  0,177
-49,-62,176
-47,  0,176
-49,-62,175
-48,  0,176
-50,-62,175
-49,  0,175
-51,-62,175
-50,  0,175
-52,-62,174
-51,  0,175
-53,-61,174
-52,  1,174
-54,-61,173
-53,  1,174
-55,-61,173
-54,  1,173
-56,-61,172
-55,  1,173
-57,-61,172
-56,  1,173
-58,-61,172
-57,  1,172
-59,-61,171
-57,  1,172
-59,-61,171
-58,  1,171
-60,-61,170
-59,  1,171
-61,-61,170
-60,  1,171
-62,-61,170
-61,  1,170
-63,-61,169
-62,  1,170
-64,-61,169
-63,  1,169
-65,-61,168
-64,  1,169
-66,-61,168
-65,  1,168
-67,-61,168
-66,  1,168
-68,-61,167
-67,  1,168
-69,-61,167
-68,  1,167
-70,-61,166
-68,  1,167
-70,-61,166
-69,  1,166
-71,-61,166
-70,  1,166
-72,-61,165
-71,  1,166
-73,-61,165
-72,  1,165
-74,-61,164
-73,  1,165
-75,-61,164
-74,  1,164
-76,-61,164
-75,  1,164
-77,-61,163
-76,  1,164
-78,-61,163
-77,  1,163
-79,-61,162
-78,  1,163
-80,-60,162
-78,  2,162
-80,-60,161
-79,  2,162
-81,-60,161
-80,  2,162
-82,-60,161
-81,  2,161
-83,-60,160
-82,  2,161
-84,-60,160
-83,  2,160
-83,  1,160
-83,  0,160
-83,  0,160
-83, -1,160
-83, -2,160
-83, -3,160
-83, -4,160
-83, -5,160
-83, -6,160
-83, -7,160
-83, -8,160
-83, -9,160
-83,-10,160
-83,-11,160
-84,-12,160
-84,-13,160
-84,-14,160
-84,-15,160
-84,-16,160
-84,-17,160
-84,-18,160
-84,-19,160
-84,-20,160
-84,-21,160
-84,-22,160
-84,-23,160
-84,-24,160
-84,-25,160
-84,-26,160
-84,-27,160
-84,-28,160
-84,-29,160
-84,-30,160
-84,-31,160
-84,-32,160
-84,-33,160
-84,-34,160
-84,-35,160
-84,-36,160
-84,-37,160
-84,-38,160
-84,-39,160
-84,-40,160
-84,-41,160
-84,-42,160
-85,-43,160
-85,-44,160
-85,-45,160
-85,-46,160
-85,-47,160
-85,-48,160
-85,-49,160
-85,-50,160
-85,-51,160
-85,-52,160
-85,-53,160
-85,-54,160
-85,-55,160
-85,-56,160
-85,-57,160
-85,-58,159
-85,-59,159
-85,-60,159
-25,  0,185
-27,-62,184
-83,  2,159
-85,-60,159
-25,  0,184
-27,-62,183
-82,  2,159
-84,-60,158
-24,  0,183
-26,-62,182
-82,  2,158
-84,-60,157
-24,  0,182
-26,-62,181
-81,  2,157
-83,-60,156
-23,  0,181
-26,-62,181
-81,  2,156
-83,-60,155
-23,  0,180
-25,-62,180
-81,  2,155
-83,-60,154
-23,  0,180
-25,-62,179
-80,  2,154
-82,-60,153
-22,  0,179
-24,-62,178
-80,  2,153
-82,-60,152
-22,  0,178
-24,-62,177
-79,  2,152
-81,-60,151
-21,  0,177
-23,-62,176
-79,  2,151
-81,-60,150
-21,  0,176
-23,-62,175
-79,  2,150
-81,-60,149
-21,  0,175
-23,-62,174
-78,  2,149
-80,-60,149
-20,  0,174
-22,-62,173
-78,  2,148
-80,-60,148
-20,  0,173
-22,-62,172
-77,  2,148
-79,-60,147
-19,  0,172
-21,-62,171
-77,  2,147
-79,-60,146
-19,  0,171
-21,-62,170
-77,  2,146
-79,-60,145
-19,  0,170
-21,-62,170
-76,  2,145
-78,-60,144
-18,  0,170
-20,-62,169
-76,  2,144
-78,-60,143
-18,  0,169
-20,-62,168
-75,  2,143
-77,-60,142
-17,  0,168
-19,-62,167
-75,  2,142
-77,-60,141
-17,  0,167
-19,-62,166
-75,  2,141
-77,-60,140
-17,  0,166
-19,-62,165
-74,  2,140
-76,-60,139
-16,  0,165
-18,-62,164
-74,  2,139
-76,-60,138
-16,  0,164
-18,-62,163
-73,  2,138
-75,-60,138
-15,  0,163
-17,-62,162
-73,  2,138
-75,-60,137
-15,  0,162
-17,-62,161
-72,  2,137
-74,-60,136
-15,  0,161
-17,-62,160
-72,  2,136
-74,-60,135
-14,  0,160
-16,-62,159
-72,  2,135
-74,-60,134
-14,  0,159
-16,-62,159
-71,  2,134
-73,-60,133
-13,  0,159
-15,-62,158
-71,  2,133
-73,-60,132
-13,  0,158
-15,-62,157
-70,  2,132
-72,-60,131
-13,  0,157
-15,-62,156
-70,  2,131
-72,-60,130
-12,  0,156
-14,-62,155
-70,  2,130
-72,-60,129
-12,  0,155
-14,-62,154
-69,  2,129
-71,-60,128
-11,  0,154
-13,-62,153
-69,  2,128
-71,-60,127
-11,  0,153
-13,-62,152
-68,  2,127
-70,-60,127
-10,  0,152
-12,-62,151
-68,  2,127
-70,-60,126
-10,  0,151
-12,-62,150
-68,  2,126
-70,-60,125
-10,  0,150
-12,-62,149
-67,  2,125
-69,-60,124
 -9,  0,149
-11,-62,149
-67,  2,124
-69,-60,123
 -9,  0,149
-11,-62,148
-66,  2,123
-68,-60,122
 -8,  0,148
-10,-62,147
-66,  2,122
-68,-60,121
 -8,  0,147
-10,-62,146
-66,  2,121
-68,-60,120
 -8,  0,146
-10,-62,145
-65,  2,120
-67,-60,119
 -7,  0,145
 -9,-62,144
-65,  2,119
-67,-60,118
 -7,  0,144
 -9,-62,143
-64,  2,118
-66,-60,117
 -6,  0,143
 -8,-62,142
-64,  2,117
-66,-60,117
 -6,  0,142
 -8,-62,141
-64,  2,117
-66,-60,116
 -6,  0,141
 -8,-62,140
-63,  2,116
-65,-60,115
 -5,  0,140
 -7,-62,139
-63,  2,115
-65,-60,114
 -5,  0,139
 -7,-62,138
-62,  2,114
-64,-60,113
 -4,  0,138
 -6,-62,138
-62,  2,113
-64,-60,112
 -4,  0,138
 -6,-62,137
-61,  2,112
-64,-60,111
 -4,  0,137
 -6,-62,136
-61,  2,111
-63,-60,110
 -3,  0,136
 -5,-62,135
-61,  2,110
-63,-60,109
 -3,  0,135
 -5,-62,134
-60,  2,109
-62,-60,108
 -2,  0,134
 -4,-62,133
-60,  2,108
-62,-60,107
 -2,  0,133
 -4,-62,132
-59,  2,107
-61,-60,106
 -2,  0,132
 -4,-62,131
-59,  2,106
-61,-60,106
 -1,  0,131
 -3,-62,130
-59,  2,106
-61,-60,105
 -1,  0,130
 -3,-62,129
-58,  2,105
-60,-60,104
  0,  0,129
 -2,-62,128
-58,  2,104
-60,-60,103
  0,  0,128
  0,  0,128
  0, -1,128
  0, -2,128
  0, -3,128
  0, -4,128
  0, -5,128
  0, -6,128
  0, -7,128
  0, -8,128
  0, -9,128
  0,-10,128
  0,-11,128
  0,-12,128
  0,-13,128
  0,-14,128
  0,-15,128
  0,-16,128
  0,-17,128
 -1,-18,128
 -1,-19,128
 -1,-20,128
 -1,-21,128
 -1,-22,128
 -1,-23,128
 -1,-24,128
 -1,-25,128
 -1,-26,128
 -1,-27,128
 -1,-28,128
 -1,-29,128
 -1,-30,128
 -1,-31,128
 -1,-32,128
 -1,-33,128
 -1,-34,128
 -1,-35,128
 -1,-36,128
 -1,-37,128
 -1,-38,128
 -1,-39,128
 -1,-40,128
 -1,-41,128
 -1,-42,128
 -1,-43,128
 -1,-44,128
 -1,-45,128
 -1,-46,128
 -1,-47,128
 -1,-48,128
 -2,-49,128
 -2,-50,128
 -2,-51,128
 -2,-52,128
 -2,-53,128
 -2,-54,128
 -2,-55,128
 -2,-56,128
 -2,-57,128
 -2,-58,128
 -2,-59,128
 -2,-60,128
 -2,-61,128
 -2,-62,128
 -1,  0,128
 -3,-62,127
 -2,  0,128
 -4,-62,127
 -3,  0,127
 -5,-62,126
 -4,  0,127
 -6,-62,126
 -4,  0,126
 -6,-62,125
 -5,  0,126
 -7,-62,125
 -6,  0,126
 -8,-62,125
 -7,  0,125
 -9,-62,124
 -8,  0,125
-10,-62,124
 -9,  0,124
-11,-62,123
-10,  0,124
-12,-62,123
-11,  0,124
-13,-62,123
-12,  0,123
-14,-62,122
-13,  0,123
-15,-62,122
-14,  0,122
-16,-62,121
-15,  0,122
-17,-62,121
-15,  0,122
-17,-62,121
-16,  0,121
-18,-62,120
-17,  0,121
-19,-62,120
-18,  0,120
-20,-62,119
-19,  0,120
-21,-62,119
-20,  0,119
-22,-62,119
-21,  0,119
-23,-62,118
-22,  0,119
-24,-62,118
-23,  0,118
-25,-62,117
-24,  0,118
-26,-62,117
-25,  0,117
-27,-62,117
-25,  0,117
-27,-61,116
-26,  1,117
-28,-61,116
-27,  1,116
-29,-61,115
-28,  1,116
-30,-61,115
-29,  1,115
-31,-61,115
-30,  1,115
-32,-61,114
-31,  1,115
-33,-61,114
-32,  1,114
-34,-61,113
-33,  1,114
-35,-61,113
-34,  1,113
-36,-61,112
-35,  1,113
-37,-61,112
-36,  1,113
-38,-61,112
-36,  1,112
-38,-61,111
-37,  1,112
-39,-61,111
-38,  1,111
-40,-61,110
-39,  1,111
-41,-61,110
-40,  1,111
-42,-61,110
-41,  1,110
-43,-61,109
-42,  1,110
-44,-61,109
-43,  1,109
-45,-61,108
-44,  1,109
-46,-61,108
-45,  1,108
-47,-61,108
-46,  1,108
-48,-61,107
-46,  1,108
-48,-61,107
-47,  1,107
-49,-61,106
-48,  1,107
-50,-61,106
-49,  1,106
-51,-61,106
-50,  1,106
-52,-61,105
-51,  1,106
-53,-61,105
-52,  1,105
-54,-60,104
-53,  2,105
-55,-60,104
-54,  2,104
-56,-60,104
-55,  2,104
-57,-60,103
-56,  2,104
-58,-60,103
-57,  2,103
-59,-60,102
-57,  2,103
-57,  1,103
-57,  0,103
-58,  0,103
-58, -1,103
-58, -2,103
-58, -3,103
-58, -4,103
-58, -5,103
-58, -6,103
-58, -7,103
-58, -8,103
-58, -9,103
-58,-10,103
-58,-11,103
-58,-12,103
-58,-13,103
-58,-14,103
-58,-15,103
-58,-16,103
-58,-17,103
-58,-18,103
-58,-19,102
-58,-20,102
-58,-21,102
-58,-22,102
-58,-23,102
-58,-24,102
-58,-25,102
-58,-26,102
-58,-27,102
-58,-28,102
-58,-29,102
-58,-30,102
-59,-31,102
-59,-32,102
-59,-33,102
-59,-34,102
-59,-35,102
-59,-36,102
-59,-37,102
-59,-38,102
-59,-39,102
-59,-40,102
-59,-41,102
-59,-42,102
-59,-43,102
-59,-44,102
-59,-45,102
-59,-46,102
-59,-47,102
-59,-48,102
-59,-49,102
-59,-50,102
-59,-51,102
-59,-52,102
-59,-53,102
-59,-54,102
-59,-55,102
-59,-56,102
-59,-57,102
-59,-58,102
-59,-59,102
-59,-60,102
 62,125,155
 62,124,155
 62,123,155
 62,122,155
 62,121,155
 62,120,155
 62,119,155
 62,118,155
 62,117,155
 62,116,155
 62,115,155
 62,114,155
 62,113,155
 62,112,155
 62,111,155
 62,110,155
 62,109,155
 61,108,155
 61,107,155
 61,106,155
 61,105,155
 61,104,155
 61,103,155
 61,102,155
 61,101,155
 61,100,155
 61, 99,155
 61, 98,155
 61, 97,155
 61, 96,155
 61, 95,155
 61, 94,155
 61, 93,155
 61, 92,155
 61, 91,155
 61, 90,155
 61, 89,155
 61, 88,155
 61, 87,155
 61, 86,155
 61, 85,155
 61, 84,155
 61, 83,155
 61, 82,155
 61, 81,155
 61, 80,155
 61, 79,155
 61, 78,155
 60, 77,155
 60, 76,155
 60, 75,155
 60, 74,155
 60, 73,155
 60, 72,155
 60, 71,155
 60, 70,155
 60, 69,155
 60, 68,155
 60, 67,155
 60, 66,154
 60, 65,154
 60, 64,154
 60, 63,154
 60, 62,154
 61,125,155
 59, 62,154
 60,125,155
 58, 62,154
 59,125,154
 57, 62,153
 58,125,154
 56, 62,153
 57,125,153
 55, 62,152
 57,125,153
 55, 62,152
 56,125,152
 54, 62,152
 55,125,152
 53, 63,151
 54,126,152
 52, 63,151
 53,126,151
 51, 63,150
 52,126,151
 50, 63,150
 51,126,150
 49, 63,150
 50,126,150
 48, 63,149
 49,126,150
 47, 63,149
 48,126,149
 46, 63,148
 47,126,149
 45, 63,148
 46,126,148
 44, 63,148
 46,126,148
 44, 63,147
 45,126,148
 43, 63,147
 44,126,147
 42, 63,146
 43,126,147
 41, 63,146
 42,126,146
 40, 63,145
 41,126,146
 39, 63,145
 40,126,146
 38, 63,145
 39,126,145
 37, 63,144
 38,126,145
 36, 63,144
 37,126,144
 35, 63,143
 36,126,144
 34, 63,143
 36,126,144
 34, 63,143
 35,126,143
 33, 63,142
 34,126,143
 32, 63,142
 33,126,142
 31, 63,141
 32,126,142
 30, 63,141
 31,126,142
 29, 63,141
 30,126,141
 28, 63,140
 29,126,141
 27, 63,140
 28,126,140
 26, 64,139
 27,127,140
 25, 64,139
 26,127,139
 24, 64,139
 25,127,139
 23, 64,138
 25,127,139
 23, 64,138
 24,127,138
 22, 64,137
 23,127,138
 21, 64,137
 22,127,137
 20, 64,137
 21,127,137
 19, 64,136
 20,127,137
 18, 64,136
 19,127,136
 17, 64,135
 18,127,136
 16, 64,135
 17,127,135
 15, 64,135
 16,127,135
 14, 64,134
 15,127,135
 13, 64,134
 15,127,134
 13, 64,133
 14,127,134
 12, 64,133
 13,127,133
 11, 64,132
 12,127,133
 10, 64,132
 11,127,133
  9, 64,132
 10,127,132
  8, 64,131
  9,127,132
  7, 64,131
  8,127,131
  6, 64,130
  7,127,131
  5, 64,130
  6,127,131
  4, 64,130
  5,127,130
  3, 64,129
  4,127,130
  4,126,130
  4,125,130
  4,124,130
  4,123,130
  4,122,130
  4,121,130
  4,120,130
  4,119,130
  4,118,130
  4,117,130
  4,116,130
  4,115,130
  4,114,130
  4,113,130
  4,112,130
  4,111,129
  4,110,129
  4,109,129
  4,108,129
  4,107,129
  4,106,129
  4,105,129
  4,104,129
  4,103,129
  4,102,129
  4,101,129
  4,100,129
  4, 99,129
  4, 98,129
  4, 97,129
  4, 96,129
  3, 95,129
  3, 94,129
  3, 93,129
  3, 92,129
  3, 91,129
  3, 90,129
  3, 89,129
  3, 88,129
  3, 87,129
  3, 86,129
  3, 85,129
  3, 84,129
  3, 83,129
  3, 82,129
  3, 81,129
  3, 80,129
  3, 79,129
  3, 78,129
  3, 77,129
  3, 76,129
  3, 75,129
  3, 74,129
  3, 73,129
  3, 72,129
  3, 71,129
  3, 70,129
  3, 69,129
  3, 68,129
  3, 67,129
  3, 66,129
  3, 65,129
  2, 64,129
 62,125,154
 60, 62,154
  5,127,129
  3, 64,128
 63,125,154
 61, 62,153
  5,127,128
  3, 64,127
 63,125,153
 61, 62,152
  6,127,127
  4, 64,126
 64,125,152
 62, 62,151
  6,127,126
  4, 64,125
 64,125,151
 62, 62,150
  7,127,125
  5, 64,124
 64,125,150
 62, 62,149
  7,127,124
  5, 64,123
 65,125,149
 63, 62,148
  7,127,123
  5, 64,122
 65,125,148
 63, 62,147
  8,127,122
  6, 64,122
 66,125,147
 64, 62,146
  8,127,122
  6, 64,121
 66,125,146
 64, 62,145
  9,127,121
  7, 64,120
 66,125,145
 64, 62,144
  9,127,120
  7, 64,119
 67,125,144
 65, 62,143
  9,127,119
  7, 64,118
 67,125,143
 65, 62,143
 10,127,118
  8, 64,117
 68,125,143
 66, 62,142
 10,127,117
  8, 64,116
 68,125,142
 66, 62,141
 11,127,116
  9, 64,115
 69,125,141
 67, 62,140
 11,127,115
  9, 64,114
 69,125,140
 67, 62,139
 11,127,114
  9, 64,113
 69,125,139
 67, 62,138
 12,127,113
 10, 64,112
 70,125,138
 68, 62,137
 12,127,112
 10, 64,111
 70,125,137
 68, 62,136
 13,127,111
 11, 64,111
 71,125,136
 69, 62,135
 13,127,111
 11, 64,110
 71,125,135
 69, 62,134
 13,127,110
 11, 64,109
 71,125,134
 69, 62,133
 14,127,109
 12, 64,108
 72,125,133
 70, 62,133
 14,127,108
 12, 64,107
 72,125,132
 70, 62,132
 15,127,107
 13, 64,106
 73,125,132
 71, 62,131
 15,127,106
 13, 64,105
 73,125,131
 71, 62,130
 15,127,105
 13, 64,104
 73,125,130
 71, 62,129
 16,127,104
 14, 64,103
 74,125,129
 72, 62,128
 16,127,103
 14, 64,102
 74,125,128
 72, 62,127
 17,127,102
 15, 64,101
 75,125,127
 73, 62,126
 17,127,101
 15, 64,101
 75,125,126
 73, 62,125
 18,127,100
 16, 64,100
 75,125,125
 73, 62,124
 18,127,100
 16, 64, 99
 76,125,124
 74, 62,123
 18,127, 99
 16, 64, 98
 76,125,123
 74, 62,122
 19,127, 98
 17, 64, 97
 77,125,122
 75, 62,122
 19,127, 97
 17, 64, 96
 77,125,122
 75, 62,121
 20,127, 96
 18, 64, 95
 77,125,121
 75, 62,120
 20,127, 95
 18, 64, 94
 78,125,120
 76, 62,119
 20,127, 94
 18, 64, 93
 78,125,119
 76, 62,118
 21,127, 93
 19, 64, 92
 79,125,118
 77, 62,117
 21,127, 92
 19, 64, 91
 79,125,117
 77, 62,116
 22,127, 91
 20, 64, 90
 80,125,116
 77, 62,115
 22,127, 90
 20, 64, 90
 80,125,115
 78, 62,114
 22,127, 90
 20, 64, 89
 80,125,114
 78, 62,113
 23,127, 89
 21, 64, 88
 81,125,113
 79, 62,112
 23,127, 88
 21, 64, 87
 81,125,112
 79, 62,112
 24,127, 87
 22, 64, 86
 82,125,111
 80, 62,111
 24,127, 86
 22, 64, 85
 82,125,111
 80, 62,110
 24,127, 85
 22, 64, 84
 82,125,110
 80, 62,109
 25,127, 84
 23, 64, 83
 83,125,109
 81, 62,108
 25,127, 83
 23, 64, 82
 83,125,108
 81, 62,107
 26,127, 82
 24, 64, 81
 84,125,107
 82, 62,106
 26,127, 81
 24, 64, 80
 84,125,106
 82, 62,105
 26,127, 80
 24, 64, 79
 84,125,105
 82, 62,104
 27,127, 79
 25, 64, 79
 85,125,104
 83, 62,103
 27,127, 79
 25, 64, 78
 85,125,103
 83, 62,102
 28,127, 78
 26, 64, 77
 86,125,102
 84, 62,101
 28,127, 77
 26, 64, 76
 86,125,101
 84, 62,101
 28,127, 76
 26, 64, 75
 86,125,101
 84, 62,100
 29,127, 75
 27, 64, 74
 87,125,100
 85, 62, 99
 29,127, 74
 27, 64, 73
 87,125, 99
 85, 62, 98
 30,127, 73
 28, 64, 72
 88,125, 98
 88,124, 98
 88,123, 98
 88,122, 98
 88,121, 98
 87,120, 98
 87,119, 98
 87,118, 98
 87,117, 98
 87,116, 98
 87,115, 98
 87,114, 98
 87,113, 98
 87,112, 98
 87,111, 98
 87,110, 98
 87,109, 98
 87,108, 98
 87,107, 98
 87,106, 98
 87,105, 97
 87,104, 97
 87,103, 97
 87,102, 97
 87,101, 97
 87,100, 97
 87, 99, 97
 87, 98, 97
 87, 97, 97
 87, 96, 97
 87, 95, 97
 87, 94, 97
 87, 93, 97
 87, 92, 97
 87, 91, 97
 87, 90, 97
 86, 89, 97
 86, 88, 97
 86, 87, 97
 86, 86, 97
 86, 85, 97
 86, 84, 97
 86, 83, 97
 86, 82, 97
 86, 81, 97
 86, 80, 97
 86, 79, 97
 86, 78, 97
 86, 77, 97
 86, 76, 97
 86, 75, 97
 86, 74, 97
 86, 73, 97
 86, 72, 97
 86, 71, 97
 86, 70, 97
 86, 69, 97
 86, 68, 97
 86, 67, 97
 86, 66, 97
 86, 65, 97
 86, 64, 97
 86, 63, 97
 86, 62, 97
 87,125, 97
 85, 62, 96
 86,125, 97
 84, 62, 96
 85,125, 97
 83, 62, 96
 84,125, 96
 82, 62, 95
 83,125, 96
 81, 62, 95
 82,125, 95
 80, 62, 94
 81,125, 95
 79, 62, 94
 80,125, 95
 78, 63, 94
 79,126, 94
 77, 63, 93
 79,126, 94
 76, 63, 93
 78,126, 93
 76, 63, 92
 77,126, 93
 75, 63, 92
 76,126, 92
 74, 63, 92
 75,126, 92
 73, 63, 91
 74,126, 92
 72, 63, 91
 73,126, 91
 71, 63, 90
 72,126, 91
 70, 63, 90
 71,126, 90
 69, 63, 90
 70,126, 90
 68, 63, 89
 69,126, 90
 67, 63, 89
 68,126, 89
 66, 63, 88
 68,126, 89
 66, 63, 88
 67,126, 88
 65, 63, 88
 66,126, 88
 64, 63, 87
 65,126, 88
 63, 63, 87
 64,126, 87
 62, 63, 86
 63,126, 87
 61, 63, 86
 62,126, 86
 60, 63, 86
 61,126, 86
 59, 63, 85
 60,126, 86
 58, 63, 85
 59,126, 85
 57, 63, 84
 58,126, 85
 56, 63, 84
 58,126, 84
 55, 63, 83
 57,126, 84
 55, 63, 83
 56,126, 84
 54, 63, 83
 55,126, 83
 53, 63, 82
 54,126, 83
 52, 64, 82
 53,127, 82
 51, 64, 81
 52,127, 82
 50, 64, 81
 51,127, 82
 49, 64, 81
 50,127, 81
 48, 64, 80
 49,127, 81
 47, 64, 80
 48,127, 80
 46, 64, 79
 47,127, 80
 45, 64, 79
 47,127, 79
 45, 64, 79
 46,127, 79
 44, 64, 78
 45,127, 79
 43, 64, 78
 44,127, 78
 42, 64, 77
 43,127, 78
 41, 64, 77
 42,127, 77
 40, 64, 77
 41,127, 77
 39, 64, 76
 40,127, 77
 38, 64, 76
 39,127, 76
 37, 64, 75
 38,127, 76
 36, 64, 75
 37,127, 75
 35, 64, 75
 37,127, 75
 35, 64, 74
 36,127, 75
 34, 64, 74
 35,127, 74
 33, 64, 73
 34,127, 74
 32, 64, 73
 33,127, 73
 31, 64, 72
 32,127, 73
 30, 64, 72
 31,127, 73
 29, 64, 72
 30,127, 72
 30,126, 72
 30,125, 72
 30,124, 72
 30,123, 72
 30,122, 72
 30,121, 72
 30,120, 72
 30,119, 72
 30,118, 72
 30,117, 72
 30,116, 72
 30,115, 72
 30,114, 72
 30,113, 72
 30,112, 72
 30,111, 72
 30,110, 72
 30,109, 72
 30,108, 72
 29,107, 72
 29,106, 72
 29,105, 72
 29,104, 72
 29,103, 72
 29,102, 72
 29,101, 72
 29,100, 72
 29, 99, 72
 29, 98, 72
 29, 97, 72
 29, 96, 72
 29, 95, 72
 29, 94, 72
 29, 93, 72
 29, 92, 72
 29, 91, 72
 29, 90, 72
 29, 89, 72
 29, 88, 72
 29, 87, 72
 29, 86, 72
 29, 85, 72
 29, 84, 72
 29, 83, 72
 29, 82, 72
 29, 81, 72
 29, 80, 72
 29, 79, 71
 29, 78, 71
 29, 77, 71
 28, 76, 71
 28, 75, 71
 28, 74, 71
 28, 73, 71
 28, 72, 71
 28, 71, 71
 28, 70, 71
 28, 69, 71
 28, 68, 71
 28, 67, 71
 28, 66, 71
 28, 65, 71
 28, 64, 71
 58, -2,154
 58, -3,154
 58, -4,153
 58, -5,153
 58, -6,153
 58, -7,153
 58, -8,153
 58, -9,153
 58,-10,153
 58,-11,153
 58,-12,153
 58,-13,153
 58,-14,153
 58,-15,153
 57,-16,153
 57,-17,153
 57,-18,153
 57,-19,153
 57,-20,153
 57,-21,153
 57,-22,153
 57,-23,153
 57,-24,153
 57,-25,153
 57,-26,153
 57,-27,153
 57,-28,153
 57,-29,153
 57,-30,153
 57,-31,153
 57,-32,153
 57,-33,153
 57,-34,153
 57,-35,153
 57,-36,153
 57,-37,153
 57,-38,153
 57,-39,153
 57,-40,153
 57,-41,153
 57,-42,153
 57,-43,153
 57,-44,153
 57,-45,153
 57,-46,153
 56,-47,153
 56,-48,153
 56,-49,153
 56,-50,153
 56,-51,153
 56,-52,153
 56,-53,153
 56,-54,153
 56,-55,153
 56,-56,153
 56,-57,153
 56,-58,153
 56,-59,153
 56,-60,153
 56,-61,153
 56,-62,153
 56,-63,153
 56,-64,153
 56,-65,153
 57, -2,153
 55,-65,152
 56, -2,153
 54,-65,152
 55, -2,152
 53,-65,151
 54, -2,152
 52,-65,151
 53, -2,151
 51,-65,151
 52, -2,151
 50,-64,150
 52, -1,151
 50,-64,150
 51, -1,150
 49,-64,149
 50, -1,150
 48,-64,149
 49, -1,149
 47,-64,149
 48, -1,149
 46,-64,148
 47, -1,149
 45,-64,148
 46, -1,148
 44,-64,147
 45, -1,148
 43,-64,147
 44, -1,147
 42,-64,147
 43, -1,147
 41,-64,146
 42, -1,147
 40,-64,146
 41, -1,146
 39,-64,145
 41, -1,146
 39,-64,145
 40, -1,145
 38,-64,144
 39, -1,145
 37,-64,144
 38, -1,145
 36,-64,144
 37, -1,144
 35,-64,143
 36, -1,144
 34,-64,143
 35, -1,143
 33,-64,142
 34, -1,143
 32,-64,142
 33, -1,143
 31,-64,142
 32, -1,142
 30,-64,141
 31, -1,142
 29,-64,141
 31, -1,141
 29,-64,140
 30, -1,141
 28,-64,140
 29, -1,141
 27,-64,140
 28, -1,140
 26,-64,139
 27, -1,140
 25,-64,139
 26, -1,139
 24,-63,138
 25,  0,139
 23,-63,138
 24,  0,138
 22,-63,138
 23,  0,138
 21,-63,137
 22,  0,138
 20,-63,137
 21,  0,137
 19,-63,136
 20,  0,137
 18,-63,136
 20,  0,136
 18,-63,136
 19,  0,136
 17,-63,135
 18,  0,136
 16,-63,135
 17,  0,135
 15,-63,134
 16,  0,135
 14,-63,134
 15,  0,134
 13,-63,134
 14,  0,134
 12,-63,133
 13,  0,134
 11,-63,133
 12,  0,133
 10,-63,132
 11,  0,133
  9,-63,132
 10,  0,132
  8,-63,131
 10,  0,132
  8,-63,131
  9,  0,132
  7,-63,131
  8,  0,131
  6,-63,130
  7,  0,131
  5,-63,130
  6,  0,130
  4,-63,129
  5,  0,130
  3,-63,129
  4,  0,130
  2,-63,129
  3,  0,129
  1,-63,128
  2,  0,129
  0,-63,128
  1,  0,128
  0,-63,127
  0,  0,128
  0, -1,128
  0, -2,128
  0, -3,128
  0, -4,128
  0, -5,128
  0, -6,128
  0, -7,128
  0, -8,128
  0, -9,128
  0,-10,128
  0,-11,128
  0,-12,128
  0,-13,128
  0,-14,128
  0,-15,128
  0,-16,128
  0,-17,128
  0,-18,128
  0,-19,128
  0,-20,128
  0,-21,128
  0,-22,128
  0,-23,128
  0,-24,128
  0,-25,128
  0,-26,128
  0,-27,128
  0,-28,128
  0,-29,127
  0,-30,127
  0,-31,127
  0,-32,127
  0,-33,127
  0,-34,127
  0,-35,127
  0,-36,127
  0,-37,127
  0,-38,127
  0,-39,127
  0,-40,127
  0,-41,127
  0,-42,127
  0,-43,127
  0,-44,127
  0,-45,127
  0,-46,127
  0,-47,127
  0,-48,127
  0,-49,127
  0,-50,127
  0,-51,127
  0,-52,127
  0,-53,127
  0,-54,127
  0,-55,127
  0,-56,127
  0,-57,127
  0,-57,127
  0,-58,127
  0,-59,127
 -1,-60,127
 -1,-61,127
 -1,-62,127
 58, -2,153
 56,-65,152
  1,  0,127
  0,-62,126
 59, -2,152
 57,-65,151
  1,  0,126
  0,-62,125
 59, -2,151
 57,-65,150
  2,  0,125
  0,-62,124
 60, -2,150
 58,-65,149
  2,  0,124
  0,-62,123
 60, -2,149
 58,-65,148
  2,  0,123
  0,-62,122
 60, -2,148
 58,-65,147
  3,  0,122
  1,-62,122
 61, -2,147
 59,-65,146
  3,  0,122
  1,-62,121
 61, -2,146
 59,-65,145
  4,  0,121
  2,-62,120
 62, -2,145
 60,-65,144
  4,  0,120
  2,-62,119
 62, -2,144
 60,-65,143
  4,  0,119
  2,-62,118
 62, -2,143
 60,-65,143
  5,  0,118
  3,-62,117
 63, -2,143
 61,-65,142
  5,  0,117
  3,-62,116
 63, -2,142
 61,-65,141
  6,  0,116
  4,-62,115
 64, -2,141
 62,-65,140
  6,  0,115
  4,-62,114
 64, -2,140
 62,-65,139
  7,  0,114
  5,-62,113
 64, -2,139
 62,-65,138
  7,  0,113
  5,-62,112
 65, -2,138
 63,-65,137
  7,  0,112
  5,-62,111
 65, -2,137
 63,-65,136
  8,  0,111
  6,-62,111
 66, -2,136
 64,-65,135
  8,  0,111
  6,-62,110
 66, -2,135
 64,-65,134
  9,  0,110
  7,-62,109
 66, -2,134
 64,-65,133
  9,  0,109
  7,-62,108
 67, -2,133
 65,-65,133
  9,  0,108
  7,-62,107
 67, -2,133
 65,-65,132
 10,  0,107
  8,-62,106
 68, -2,132
 66,-65,131
 10,  0,106
  8,-62,105
 68, -2,131
 66,-65,130
 11,  0,105
  9,-62,104
 69, -2,130
 66,-65,129
 11,  0,104
  9,-62,103
 69, -2,129
 67,-65,128
 11,  0,103
  9,-62,102
 69, -2,128
 67,-65,127
 12,  0,102
 10,-62,101
 70, -2,127
 68,-65,126
 12,  0,101
 10,-62,101
 70, -2,126
 68,-65,125
 13,  0,101
 11,-62,100
 71, -2,125
 69,-65,124
 13,  0,100
 11,-62, 99
 71, -2,124
 69,-65,123
 13,  0, 99
 11,-62, 98
 71, -2,123
 69,-65,122
 14,  0, 98
 12,-62, 97
 72, -2,122
 70,-65,122
 14,  0, 97
 12,-62, 96
 72, -2,122
 70,-65,121
 15,  0, 96
 13,-62, 95
 73, -2,121
 71,-65,120
 15,  0, 95
 13,-62, 94
 73, -2,120
 71,-65,119
 15,  0, 94
 13,-62, 93
 73, -2,119
 71,-65,118
 16,  0, 93
 14,-62, 92
 74, -2,118
 72,-65,117
 16,  0, 92
 14,-62, 91
 74, -2,117
 72,-65,116
 17,  0, 91
 15,-62, 90
 75, -2,116
 73,-65,115
 17,  0, 90
 15,-62, 90
 75, -2,115
 73,-65,114
 17,  0, 90
 15,-62, 89
 75, -2,114
 73,-65,113
 18,  0, 89
 16,-62, 88
 76, -2,113
 74,-65,112
 18,  0, 88
 16,-62, 87
 76, -2,112
 74,-65,112
 19,  0, 87
 17,-62, 86
 77, -2,111
 75,-65,111
 19,  0, 86
 17,-62, 85
 77, -2,111
 75,-65,110
 20,  0, 85
 18,-62, 84
 77, -2,110
 75,-65,109
 20,  0, 84
 18,-62, 83
 78, -2,109
 76,-65,108
 20,  0, 83
 18,-62, 82
 78, -2,108
 76,-65,107
 21,  0, 82
 19,-62, 81
 79, -2,107
 77,-65,106
 21,  0, 81
 19,-62, 80
 79, -2,106
 77,-65,105
 22,  0, 80
 20,-62, 80
 79, -2,105
 77,-65,104
 22,  0, 79
 20,-62, 79
 80, -2,104
 78,-65,103
 22,  0, 79
 20,-62, 78
 80, -2,103
 78,-65,102
 23,  0, 78
 21,-62, 77
 81, -2,102
 79,-65,101
 23,  0, 77
 21,-62, 76
 81, -2,101
 79,-65,101
 24,  0, 76
 22,-62, 75
 82, -2,101
 80,-65,100
 24,  0, 75
 22,-62, 74
 82, -2,100
 80,-65, 99
 24,  0, 74
 22,-62, 73
 82, -2, 99
 80,-65, 98
 25,  0, 73
 23,-62, 72
 83, -2, 98
 81,-65, 97
 25,  0, 72
 23,-62, 71
 83, -2, 97
 81,-65, 96
 26,  0, 71
 24,-62, 70
 84, -2, 96
 84, -3, 96
 83, -4, 96
 83, -5, 96
 83, -6, 96
 83, -7, 96
 83, -8, 96
 83, -9, 96
 83,-10, 96
 83,-11, 96
 83,-12, 96
 83,-13, 96
 83,-14, 96
 83,-15, 96
 83,-16, 96
 83,-17, 96
 83,-18, 96
 83,-19, 96
 83,-20, 96
 83,-21, 96
 83,-22, 96
 83,-23, 96
 83,-24, 96
 83,-25, 96
 83,-26, 96
 83,-27, 96
 83,-28, 96
 83,-29, 96
 83,-30, 96
 83,-31, 96
 83,-32, 96
 83,-33, 96
 83,-34, 96
 83,-35, 95
 82,-36, 95
 82,-37, 95
 82,-38, 95
 82,-39, 95
 82,-40, 95
 82,-41, 95
 82,-42, 95
 82,-43, 95
 82,-44, 95
 82,-45, 95
 82,-46, 95
 82,-47, 95
 82,-48, 95
 82,-49, 95
 82,-50, 95
 82,-51, 95
 82,-52, 95
 82,-53, 95
 82,-54, 95
 82,-55, 95
 82,-56, 95
 82,-57, 95
 82,-58, 95
 82,-59, 95
 82,-60, 95
 82,-61, 95
 82,-62, 95
 82,-63, 95
 82,-64, 95
 82,-65, 95
 83, -2, 96
 81,-65, 95
 82, -2, 95
 80,-65, 94
 81, -2, 95
 79,-65, 94
 80, -2, 94
 78,-65, 93
 79, -2, 94
 77,-65, 93
 78, -2, 94
 76,-64, 93
 77, -1, 93
 75,-64, 92
 76, -1, 93
 74,-64, 92
 75, -1, 92
 73,-64, 91
 74, -1, 92
 72,-64, 91
 74, -1, 91
 72,-64, 91
 73, -1, 91
 71,-64, 90
 72, -1, 91
 70,-64, 90
 71, -1, 90
 69,-64, 89
 70, -1, 90
 68,-64, 89
 69, -1, 89
 67,-64, 89
 68, -1, 89
 66,-64, 88
 67, -1, 89
 65,-64, 88
 66, -1, 88
 64,-64, 87
 65, -1, 88
 63,-64, 87
 64, -1, 87
 62,-64, 87
 63, -1, 87
 61,-64, 86
 63, -1, 87
 61,-64, 86
 62, -1, 86
 60,-64, 85
 61, -1, 86
 59,-64, 85
 60, -1, 85
 58,-64, 84
 59, -1, 85
 57,-64, 84
 58, -1, 85
 56,-64, 84
 57, -1, 84
 55,-64, 83
 56, -1, 84
 54,-64, 83
 55, -1, 83
 53,-64, 82
 54, -1, 83
 52,-64, 82
 53, -1, 83
 51,-64, 82
 53, -1, 82
 51,-64, 81
 52, -1, 82
 50,-63, 81
 51,  0, 81
 49,-63, 80
 50,  0, 81
 48,-63, 80
 49,  0, 81
 47,-63, 80
 48,  0, 80
 46,-63, 79
 47,  0, 80
 45,-63, 79
 46,  0, 79
 44,-63, 78
 45,  0, 79
 43,-63, 78
 44,  0, 78
 42,-63, 78
 43,  0, 78
 41,-63, 77
 42,  0, 78
 40,-63, 77
 42,  0, 77
 40,-63, 76
 41,  0, 77
 39,-63, 76
 40,  0, 76
 38,-63, 76
 39,  0, 76
 37,-63, 75
 38,  0, 76
 36,-63, 75
 37,  0, 75
 35,-63, 74
 36,  0, 75
 34,-63, 74
 35,  0, 74
 33,-63, 74
 34,  0, 74
 32,-63, 73
 33,  0, 74
 31,-63, 73
 32,  0, 73
 30,-63, 72
 32,  0, 73
 30,-63, 72
 31,  0, 72
 29,-63, 71
 30,  0, 72
 28,-63, 71
 29,  0, 72
 27,-63, 71
 28,  0, 71
 26,-63, 70
 27,  0, 71
 25,-63, 70
 26,  0, 70
 26, -1, 70
 26, -2, 70
 26, -3, 70
 26, -4, 70
 26, -5, 70
 26, -6, 70
 26, -7, 70
 26, -8, 70
 26, -9, 70
 26,-10, 70
 26,-11, 70
 26,-12, 70
 26,-13, 70
 26,-14, 70
 26,-15, 70
 26,-16, 70
 25,-17, 70
 25,-18, 70
 25,-19, 70
 25,-20, 70
 25,-21, 70
 25,-22, 70
 25,-23, 70
 25,-24, 70
 25,-25, 70
 25,-26, 70
 25,-27, 70
 25,-28, 70
 25,-29, 70
 25,-30, 70
 25,-31, 70
 25,-32, 70
 25,-33, 70
 25,-34, 70
 25,-35, 70
 25,-36, 70
 25,-37, 70
 25,-38, 70
 25,-39, 70
 25,-40, 70
 25,-41, 70
 25,-42, 70
 25,-43, 70
 25,-44, 70
 25,-45, 70
 25,-46, 70
 25,-47, 70
 25,-48, 70
 24,-49, 70
 24,-50, 70
 24,-51, 70
 24,-52, 70
 24,-53, 70
 24,-54, 70
 24,-55, 70
 24,-56, 70
 24,-57, 70
 24,-57, 70
 24,-58, 70
 24,-59, 70
 24,-60, 69
 24,-61, 69
 24,-62, 69
  2, 63,128
  2, 62,128
  1, 61,128
  1, 60,128
  1, 59,128
  1, 58,128
  1, 57,128
  1, 56,128
  1, 55,128
  1, 54,128
  1, 53,128
  1, 52,128
  1, 51,128
  1, 50,128
  1, 49,128
  1, 48,128
  1, 47,128
  1, 46,128
  1, 45,128
  1, 44,128
  1, 43,128
  1, 42,128
  1, 41,128
  1, 40,128
  1, 39,128
  1, 38,128
  1, 37,128
  1, 36,128
  1, 35,128
  1, 34,128
  1, 33,128
  1, 32,128
  1, 31,128
  0, 30,128
  0, 29,128
  0, 28,128
  0, 27,128
  0, 26,128
  0, 25,128
  0, 24,128
  0, 23,128
  0, 22,128
  0, 21,128
  0, 20,128
  0, 19,128
  0, 18,128
  0, 17,128
  0, 16,128
  0, 15,128
  0, 14,128
  0, 13,128
  0, 12,128
  0, 11,128
  0, 10,128
  0,  9,128
  0,  8,128
  0,  7,128
  0,  6,128
  0,  5,128
  0,  4,128
  0,  3,128
  0,  2,128
  0,  1,128
  0,  0,128
  1, 63,128
  0,  1,127
  0, 64,128
 -1,  1,127
  0, 64,127
 -2,  1,126
 -1, 64,127
 -3,  1,126
 -2, 64,126
 -4,  1,125
 -3, 64,126
 -5,  1,125
 -4, 64,126
 -6,  1,125
 -5, 64,125
 -7,  1,124
 -6, 64,125
 -8,  1,124
 -7, 64,124
 -9,  1,123
 -8, 64,124
-10,  1,123
 -8, 64,124
-10,  1,123
 -9, 64,123
-11,  1,122
-10, 64,123
-12,  1,122
-11, 64,122
-13,  1,121
-12, 64,122
-14,  1,121
-13, 64,121
-15,  1,121
-14, 64,121
-16,  1,120
-15, 64,121
-17,  1,120
-16, 64,120
-18,  1,119
-17, 64,120
-19,  1,119
-18, 64,119
-20,  1,119
-18, 64,119
-20,  1,118
-19, 64,119
-21,  1,118
-20, 64,118
-22,  1,117
-21, 64,118
-23,  1,117
-22, 64,117
-24,  1,117
-23, 64,117
-25,  1,116
-24, 64,117
-26,  2,116
-25, 65,116
-27,  2,115
-26, 65,116
-28,  2,115
-27, 65,115
-29,  2,115
-28, 65,115
-30,  2,114
-29, 65,115
-31,  2,114
-29, 65,114
-31,  2,113
-30, 65,114
-32,  2,113
-31, 65,113
-33,  2,112
-32, 65,113
-34,  2,112
-33, 65,113
-35,  2,112
-34, 65,112
-36,  2,111
-35, 65,112
-37,  2,111
-36, 65,111
-38,  2,110
-37, 65,111
-39,  2,110
-38, 65,111
-40,  2,110
-39, 65,110
-41,  2,109
-39, 65,110
-41,  2,109
-40, 65,109
-42,  2,108
-41, 65,109
-43,  2,108
-42, 65,108
-44,  2,108
-43, 65,108
-45,  2,107
-44, 65,108
-46,  2,107
-45, 65,107
-47,  2,106
-46, 65,107
-48,  2,106
-47, 65,106
-49,  2,106
-48, 65,106
-50,  2,105
-49, 65,106
-51,  2,105
-49, 65,105
-52,  2,104
-50, 65,105
-52,  3,104
-51, 66,104
-53,  3,104
-52, 66,104
-54,  3,103
-53, 66,104
-55,  3,103
-54, 66,103
-56,  3,102
-55, 66,103
-55, 65,103
-55, 64,103
-55, 63,103
-55, 62,103
-55, 61,103
-55, 60,103
-55, 59,103
-55, 58,103
-55, 57,103
-55, 56,103
-55, 55,103
-55, 54,103
-55, 53,103
-55, 52,103
-55, 51,103
-55, 50,103
-56, 49,103
-56, 48,103
-56, 47,103
-56, 46,103
-56, 45,103
-56, 44,102
-56, 43,102
-56, 42,102
-56, 41,102
-56, 40,102
-56, 39,102
-56, 38,102
-56, 37,102
-56, 36,102
-56, 35,102
-56, 34,102
-56, 33,102
-56, 32,102
-56, 31,102
-56, 30,102
-56, 29,102
-56, 28,102
-56, 27,102
-56, 26,102
-56, 25,102
-56, 24,102
-56, 23,102
-56, 22,102
-56, 21,102
-56, 20,102
-56, 19,102
-57, 18,102
-57, 17,102
-57, 16,102
-57, 15,102
-57, 14,102
-57, 13,102
-57, 12,102
-57, 11,102
-57, 10,102
-57,  9,102
-57,  8,102
-57,  7,102
-57,  6,102
-57,  5,102
-57,  4,102
-57,  3,102
  2, 63,127
  0,  0,127
-55, 66,102
-57,  3,101
  2, 63,127
  0,  0,126
-54, 66,101
-56,  3,100
  3, 63,126
  1,  0,125
-54, 66,100
-56,  3, 99
  3, 63,125
  1,  0,124
-53, 66, 99
-55,  3, 98
  4, 63,124
  2,  0,123
-53, 66, 98
-55,  3, 97
  4, 63,123
  2,  0,122
-53, 66, 97
-55,  3, 96
  4, 63,122
  2,  0,121
-52, 66, 96
-54,  3, 96
  5, 63,121
  3,  0,120
-52, 66, 95
-54,  3, 95
  5, 63,120
  3,  0,119
-51, 66, 95
-53,  3, 94
  6, 63,119
  4,  0,118
-51, 66, 94
-53,  3, 93
  6, 63,118
  4,  0,117
-51, 66, 93
-53,  3, 92
  6, 63,117
  4,  0,117
-50, 66, 92
-52,  3, 91
  7, 63,117
  5,  0,116
-50, 66, 91
-52,  3, 90
  7, 63,116
  5,  0,115
-49, 66, 90
-51,  3, 89
  8, 63,115
  6,  0,114
-49, 66, 89
-51,  3, 88
  8, 63,114
  6,  0,113
-48, 66, 88
-50,  3, 87
  8, 63,113
  6,  0,112
-48, 66, 87
-50,  3, 86
  9, 63,112
  7,  0,111
-48, 66, 86
-50,  3, 85
  9, 63,111
  7,  0,110
-47, 66, 85
-49,  3, 85
 10, 63,110
  8,  0,109
-47, 66, 85
-49,  3, 84
 10, 63,109
  8,  0,108
-46, 66, 84
-48,  3, 83
 10, 63,108
  8,  0,107
-46, 66, 83
-48,  3, 82
 11, 63,107
  9,  0,107
-46, 66, 82
-48,  3, 81
 11, 63,106
  9,  0,106
-45, 66, 81
-47,  3, 80
 12, 63,106
 10,  0,105
-45, 66, 80
-47,  3, 79
 12, 63,105
 10,  0,104
-44, 66, 79
-46,  3, 78
 13, 63,104
 11,  0,103
-44, 66, 78
-46,  3, 77
 13, 63,103
 11,  0,102
-44, 66, 77
-46,  3, 76
 13, 63,102
 11,  0,101
-43, 66, 76
-45,  3, 75
 14, 63,101
 12,  0,100
-43, 66, 75
-45,  3, 74
 14, 63,100
 12,  0, 99
-42, 66, 74
-44,  3, 74
 15, 63, 99
 13,  0, 98
-42, 66, 74
-44,  3, 73
 15, 63, 98
 13,  0, 97
-42, 66, 73
-44,  3, 72
 15, 63, 97
 13,  0, 96
-41, 66, 72
-43,  3, 71
 16, 63, 96
 14,  0, 96
-41, 66, 71
-43,  3, 70
 16, 63, 96
 14,  0, 95
-40, 66, 70
-42,  3, 69
 17, 63, 95
 15,  0, 94
-40, 66, 69
-42,  3, 68
 17, 63, 94
 15,  0, 93
-40, 66, 68
-42,  3, 67
 17, 63, 93
 15,  0, 92
-39, 66, 67
-41,  3, 66
 18, 63, 92
 16,  0, 91
-39, 66, 66
-41,  3, 65
 18, 63, 91
 16,  0, 90
-38, 66, 65
-40,  3, 64
 19, 63, 90
 17,  0, 89
-38, 66, 64
-40,  3, 64
 19, 63, 89
 17,  0, 88
-37, 66, 64
-39,  3, 63
 19, 63, 88
 17,  0, 87
-37, 66, 63
-39,  3, 62
 20, 63, 87
 18,  0, 86
-37, 66, 62
-39,  3, 61
 20, 63, 86
 18,  0, 85
-36, 66, 61
-38,  3, 60
 21, 63, 85
 19,  0, 85
-36, 66, 60
-38,  3, 59
 21, 63, 85
 19,  0, 84
-35, 66, 59
-37,  3, 58
 21, 63, 84
 19,  0, 83
-35, 66, 58
-37,  3, 57
 22, 63, 83
 20,  0, 82
-35, 66, 57
-37,  3, 56
 22, 63, 82
 20,  0, 81
-34, 66, 56
-36,  3, 55
 23, 63, 81
 21,  0, 80
-34, 66, 55
-36,  3, 54
 23, 63, 80
 21,  0, 79
-33, 66, 54
-35,  3, 53
 24, 63, 79
 21,  0, 78
-33, 66, 53
-35,  3, 53
 24, 63, 78
 22,  0, 77
-33, 66, 53
-35,  3, 52
 24, 63, 77
 22,  0, 76
-32, 66, 52
-34,  3, 51
 25, 63, 76
 23,  0, 75
-32, 66, 51
-34,  3, 50
 25, 63, 75
 23,  0, 75
-31, 66, 50
-33,  3, 49
 26, 63, 75
 24,  0, 74
-31, 66, 49
-33,  3, 48
 26, 63, 74
 24,  0, 73
-31, 66, 48
-33,  3, 47
 26, 63, 73
 24,  0, 72
-30, 66, 47
-32,  3, 46
 27, 63, 72
 25,  0, 71
-30, 66, 46
-32,  3, 45
 27, 63, 71
 27, 62, 71
 27, 61, 71
 27, 60, 71
 27, 59, 71
 27, 58, 71
 27, 57, 71
 27, 56, 71
 27, 55, 71
 27, 54, 71
 27, 53, 71
 27, 52, 71
 27, 51, 71
 27, 50, 71
 27, 49, 71
 27, 48, 71
 27, 47, 71
 27, 46, 71
 27, 45, 71
 27, 44, 71
 27, 43, 71
 26, 42, 71
 26, 41, 71
 26, 40, 71
 26, 39, 71
 26, 38, 71
 26, 37, 70
 26, 36, 70
 26, 35, 70
 26, 34, 70
 26, 33, 70
 26, 32, 70
 26, 31, 70
 26, 30, 70
 26, 29, 70
 26, 28, 70
 26, 27, 70
 26, 26, 70
 26, 25, 70
 26, 24, 70
 26, 23, 70
 26, 22, 70
 26, 21, 70
 26, 20, 70
 26, 19, 70
 26, 18, 70
 26, 17, 70
 26, 16, 70
 26, 15, 70
 26, 14, 70
 26, 13, 70
 26, 12, 70
 26, 11, 70
 25, 10, 70
 25,  9, 70
 25,  8, 70
 25,  7, 70
 25,  6, 70
 25,  5, 70
 25,  4, 70
 25,  3, 70
 25,  2, 70
 25,  1, 70
 25,  0, 70
 26, 63, 70
 24,  1, 70
 25, 64, 70
 23,  1, 69
 24, 64, 70
 22,  1, 69
 24, 64, 69
 22,  1, 68
 23, 64, 69
 21,  1, 68
 22, 64, 68
 20,  1, 68
 21, 64, 68
 19,  1, 67
 20, 64, 68
 18,  1, 67
 19, 64, 67
 17,  1, 66
 18, 64, 67
 16,  1, 66
 17, 64, 66
 15,  1, 65
 16, 64, 66
 14,  1, 65
 15, 64, 66
 13,  1, 65
 14, 64, 65
 12,  1, 64
 13, 64, 65
 11,  1, 64
 13, 64, 64
 11,  1, 63
 12, 64, 64
 10,  1, 63
 11, 64, 64
  9,  1, 63
 10, 64, 63
  8,  1, 62
  9, 64, 63
  7,  1, 62
  8, 64, 62
  6,  1, 61
  7, 64, 62
  5,  1, 61
  6, 64, 62
  4,  1, 61
  5, 64, 61
  3,  1, 60
  4, 64, 61
  2,  1, 60
  3, 64, 60
  1,  1, 59
  3, 64, 60
  1,  1, 59
  2, 64, 59
  0,  1, 59
  1, 64, 59
  0,  2, 58
  0, 65, 59
 -1,  2, 58
  0, 65, 58
 -2,  2, 57
 -1, 65, 58
 -3,  2, 57
 -2, 65, 57
 -4,  2, 57
 -3, 65, 57
 -5,  2, 56
 -4, 65, 57
 -6,  2, 56
 -5, 65, 56
 -7,  2, 55
 -6, 65, 56
 -8,  2, 55
 -7, 65, 55
 -9,  2, 55
 -7, 65, 55
 -9,  2, 54
 -8, 65, 55
-10,  2, 54
 -9, 65, 54
-11,  2, 53
-10, 65, 54
-12,  2, 53
-11, 65, 53
-13,  2, 52
-12, 65, 53
-14,  2, 52
-13, 65, 53
-15,  2, 52
-14, 65, 52
-16,  2, 51
-15, 65, 52
-17,  2, 51
-16, 65, 51
-18,  2, 50
-17, 65, 51
-19,  2, 50
-17, 65, 51
-19,  2, 50
-18, 65, 50
-20,  2, 49
-19, 65, 50
-21,  2, 49
-20, 65, 49
-22,  2, 48
-21, 65, 49
-23,  2, 48
-22, 65, 48
-24,  2, 48
-23, 65, 48
-25,  2, 47
-24, 65, 48
-26,  2, 47
-25, 65, 47
-27,  3, 46
-26, 66, 47
-28,  3, 46
-27, 66, 46
-29,  3, 46
-28, 66, 46
-30,  3, 45
-28, 66, 46
-30,  3, 45
-29, 66, 45
-29, 65, 45
-29, 64, 45
-29, 63, 45
-29, 62, 45
-30, 61, 45
-30, 60, 45
-30, 59, 45
-30, 58, 45
-30, 57, 45
-30, 56, 45
-30, 55, 45
-30, 54, 45
-30, 53, 45
-30, 52, 45
-30, 51, 45
-30, 50, 45
-30, 49, 45
-30, 48, 45
-30, 47, 45
-30, 46, 45
-30, 45, 45
-30, 44, 45
-30, 43, 45
-30, 42, 45
-30, 41, 45
-30, 40, 45
-30, 39, 45
-30, 38, 45
-30, 37, 45
-30, 36, 45
-30, 35, 45
-30, 34, 45
-30, 33, 45
-30, 32, 45
-30, 31, 45
-31, 30, 45
-31, 29, 45
-31, 28, 45
-31, 27, 45
-31, 26, 45
-31, 25, 45
-31, 24, 45
-31, 23, 45
-31, 22, 45
-31, 21, 45
-31, 20, 45
-31, 19, 45
-31, 18, 45
-31, 17, 45
-31, 16, 45
-31, 15, 45
-31, 14, 45
-31, 13, 44
-31, 12, 44
-31, 11, 44
-31, 10, 44
-31,  9, 44
-31,  8, 44
-31,  7, 44
-31,  6, 44
-31,  5, 44
-31,  4, 44
-31,  3, 44
 -2,-63,127
 -2,-64,127
 -2,-65,127
 -2,-66,127
 -2,-67,127
 -2,-68,127
 -2,-69,127
 -2,-70,126
 -2,-71,126
 -2,-72,126
 -2,-73,126
 -2,-74,126
 -2,-75,126
 -2,-76,126
 -2,-77,126
 -2,-78,126
 -2,-79,126
 -2,-80,126
 -2,-81,126
 -2,-82,126
 -2,-83,126
 -2,-84,126
 -2,-85,126
 -2,-86,126
 -2,-87,126
 -2,-88,126
 -2,-89,126
 -2,-90,126
 -2,-91,126
 -2,-92,126
 -2,-93,126
 -3,-94,126
 -3,-95,126
 -3,-96,126
 -3,-97,126
 -3,-98,126
 -3,-99,126
 -3,-100,126
 -3,-101,126
 -3,-102,126
 -3,-103,126
 -3,-104,126
 -3,-105,126
 -3,-106,126
 -3,-107,126
 -3,-108,126
 -3,-109,126
 -3,-110,126
 -3,-111,126
 -3,-112,126
 -3,-113,126
 -3,-114,126
 -3,-115,126
 -3,-116,126
 -3,-117,126
 -3,-118,126
 -3,-119,126
 -3,-120,126
 -3,-121,126
 -3,-122,126
 -3,-123,126
 -3,-124,126
 -4,-125,126
 -4,-126,126
 -2,-63,126
 -4,-126,125
 -3,-63,126
 -5,-126,125
 -4,-63,125
 -6,-126,124
 -5,-63,125
 -7,-126,124
 -6,-63,125
 -8,-126,124
 -7,-63,124
 -9,-126,123
 -8,-63,124
-10,-126,123
 -9,-63,123
-11,-126,122
-10,-63,123
-12,-126,122
-11,-63,123
-13,-126,122
-12,-63,122
-14,-126,121
-12,-63,122
-15,-126,121
-13,-63,121
-15,-126,120
-14,-63,121
-16,-126,120
-15,-63,120
-17,-126,120
-16,-63,120
-18,-126,119
-17,-63,120
-19,-126,119
-18,-63,119
-20,-126,118
-19,-63,119
-21,-126,118
-20,-63,118
-22,-126,118
-21,-63,118
-23,-126,117
-22,-63,118
-24,-126,117
-23,-63,117
-25,-126,116
-23,-63,117
-25,-126,116
-24,-63,116
-26,-126,116
-25,-63,116
-27,-126,115
-26,-63,116
-28,-125,115
-27,-62,115
-29,-125,114
-28,-62,115
-30,-125,114
-29,-62,114
-31,-125,114
-30,-62,114
-32,-125,113
-31,-62,114
-33,-125,113
-32,-62,113
-34,-125,112
-33,-62,113
-35,-125,112
-33,-62,112
-36,-125,111
-34,-62,112
-36,-125,111
-35,-62,112
-37,-125,111
-36,-62,111
-38,-125,110
-37,-62,111
-39,-125,110
-38,-62,110
-40,-125,109
-39,-62,110
-41,-125,109
-40,-62,110
-42,-125,109
-41,-62,109
-43,-125,108
-42,-62,109
-44,-125,108
-43,-62,108
-45,-125,107
-44,-62,108
-46,-125,107
-44,-62,107
-46,-125,107
-45,-62,107
-47,-125,106
-46,-62,107
-48,-125,106
-47,-62,106
-49,-125,105
-48,-62,106
-50,-125,105
-49,-62,105
-51,-125,105
-50,-62,105
-52,-125,104
-51,-62,105
-53,-125,104
-52,-62,104
-54,-125,103
-53,-62,104
-55,-124,103
-54,-61,103
-56,-124,103
-54,-61,103
-57,-124,102
-55,-61,103
-57,-124,102
-56,-61,102
-58,-124,101
-57,-61,102
-59,-124,101
-58,-61,101
-60,-124,100
-59,-61,101
-59,-62,101
-59,-63,101
-59,-64,101
-59,-65,101
-59,-66,101
-59,-67,101
-59,-68,101
-59,-69,101
-59,-70,101
-59,-71,101
-59,-72,101
-59,-73,101
-59,-74,101
-60,-75,101
-60,-76,101
-60,-77,101
-60,-78,101
-60,-79,101
-60,-80,101
-60,-81,101
-60,-82,101
-60,-83,101
-60,-84,101
-60,-85,101
-60,-86,101
-60,-87,101
-60,-88,101
-60,-89,101
-60,-90,101
-60,-91,101
-60,-92,101
-60,-93,101
-60,-94,101
-60,-95,101
-60,-96,100
-60,-97,100
-60,-98,100
-60,-99,100
-60,-100,100
-60,-101,100
-60,-102,100
-60,-103,100
-60,-104,100
-60,-105,100
-60,-106,100
-61,-107,100
-61,-108,100
-61,-109,100
-61,-110,100
-61,-111,100
-61,-112,100
-61,-113,100
-61,-114,100
-61,-115,100
-61,-116,100
-61,-117,100
-61,-118,100
-61,-119,100
-61,-120,100
-61,-121,100
-61,-122,100
-61,-123,100
-61,-124,100
 -1,-63,126
 -3,-126,125
-59,-61,100
-61,-124, 99
 -1,-63,125
 -3,-126,124
-58,-61, 99
-60,-124, 98
  0,-63,124
 -2,-126,123
-58,-61, 98
-60,-124, 97
  0,-63,123
 -2,-126,122
-57,-61, 97
-59,-124, 96
  0,-63,122
 -2,-126,121
-57,-61, 96
-59,-124, 96
  0,-63,121
 -1,-126,120
-57,-61, 96
-59,-124, 95
  0,-63,120
 -1,-126,119
-56,-61, 95
-58,-124, 94
  1,-63,119
  0,-126,118
-56,-61, 94
-58,-124, 93
  1,-63,118
  0,-126,117
-55,-61, 93
-57,-124, 92
  2,-63,117
  0,-126,117
-55,-61, 92
-57,-124, 91
  2,-63,117
  0,-126,116
-55,-61, 91
-57,-124, 90
  2,-63,116
  0,-126,115
-54,-61, 90
-56,-124, 89
  3,-63,115
  1,-126,114
-54,-61, 89
-56,-124, 88
  3,-63,114
  1,-126,113
-53,-61, 88
-55,-124, 87
  4,-63,113
  2,-126,112
-53,-61, 87
-55,-124, 86
  4,-63,112
  2,-126,111
-53,-61, 86
-55,-124, 85
  4,-63,111
  2,-126,110
-52,-61, 85
-54,-124, 85
  5,-63,110
  3,-126,109
-52,-61, 85
-54,-124, 84
  5,-63,109
  3,-126,108
-51,-61, 84
-53,-124, 83
  6,-63,108
  4,-126,107
-51,-61, 83
-53,-124, 82
  6,-63,107
  4,-126,107
-51,-61, 82
-53,-124, 81
  6,-63,106
  4,-126,106
-50,-61, 81
-52,-124, 80
  7,-63,106
  5,-126,105
-50,-61, 80
-52,-124, 79
  7,-63,105
  5,-126,104
-49,-61, 79
-51,-124, 78
  8,-63,104
  6,-126,103
-49,-61, 78
-51,-124, 77
  8,-63,103
  6,-126,102
-48,-61, 77
-50,-124, 76
  8,-63,102
  6,-126,101
-48,-61, 76
-50,-124, 75
  9,-63,101
  7,-126,100
-48,-61, 75
-50,-124, 75
  9,-63,100
  7,-126, 99
-47,-61, 74
-49,-124, 74
 10,-63, 99
  8,-126, 98
-47,-61, 74
-49,-124, 73
 10,-63, 98
  8,-126, 97
-46,-61, 73
-48,-124, 72
 10,-63, 97
  8,-126, 96
-46,-61, 72
-48,-124, 71
 11,-63, 96
  9,-126, 96
-46,-61, 71
-48,-124, 70
 11,-63, 96
  9,-126, 95
-45,-61, 70
-47,-124, 69
 12,-63, 95
 10,-126, 94
-45,-61, 69
-47,-124, 68
 12,-63, 94
 10,-126, 93
-44,-61, 68
-46,-124, 67
 13,-63, 93
 11,-126, 92
-44,-61, 67
-46,-124, 66
 13,-63, 92
 11,-126, 91
-44,-61, 66
-46,-124, 65
 13,-63, 91
 11,-126, 90
-43,-61, 65
-45,-124, 64
 14,-63, 90
 12,-126, 89
-43,-61, 64
-45,-124, 64
 14,-63, 89
 12,-126, 88
-42,-61, 64
-44,-124, 63
 15,-63, 88
 13,-126, 87
-42,-61, 63
-44,-124, 62
 15,-63, 87
 13,-126, 86
-42,-61, 62
-44,-124, 61
 15,-63, 86
 13,-126, 86
-41,-61, 61
-43,-124, 60
 16,-63, 85
 14,-126, 85
-41,-61, 60
-43,-124, 59
 16,-63, 85
 14,-126, 84
-40,-61, 59
-42,-124, 58
 17,-63, 84
 15,-126, 83
-40,-61, 58
-42,-124, 57
 17,-63, 83
 15,-126, 82
-40,-61, 57
-42,-124, 56
 17,-63, 82
 15,-126, 81
-39,-61, 56
-41,-124, 55
 18,-63, 81
 16,-126, 80
-39,-61, 55
-41,-124, 54
 18,-63, 80
 16,-126, 79
-38,-61, 54
-40,-124, 53
 19,-63, 79
 17,-126, 78
-38,-61, 53
-40,-124, 53
 19,-63, 78
 17,-126, 77
-38,-61, 53
-40,-124, 52
 19,-63, 77
 17,-126, 76
-37,-61, 52
-39,-124, 51
 20,-63, 76
 18,-126, 75
-37,-61, 51
-39,-124, 50
 20,-63, 75
 18,-126, 75
-36,-61, 50
-38,-124, 49
 21,-63, 75
 19,-126, 74
-36,-61, 49
-38,-124, 48
 21,-63, 74
 19,-126, 73
-35,-61, 48
-37,-124, 47
 21,-63, 73
 19,-126, 72
-35,-61, 47
-37,-124, 46
 22,-63, 72
 20,-126, 71
-35,-61, 46
-37,-124, 45
 22,-63, 71
 20,-126, 70
-34,-61, 45
-36,-124, 44
 23,-63, 70
 21,-126, 69
-34,-61, 44
-36,-124, 43
 23,-63, 69
 23,-64, 69
 23,-65, 69
 23,-66, 69
 23,-67, 69
 23,-68, 69
 23,-69, 69
 23,-70, 69
 23,-71, 69
 23,-72, 69
 23,-73, 69
 23,-74, 69
 23,-75, 69
 23,-76, 69
 23,-77, 69
 23,-78, 69
 23,-79, 69
 23,-80, 69
 23,-81, 69
 22,-82, 69
 22,-83, 69
 22,-84, 69
 22,-85, 69
 22,-86, 69
 22,-87, 69
 22,-88, 69
 22,-89, 69
 22,-90, 69
 22,-91, 69
 22,-92, 69
 22,-93, 69
 22,-94, 69
 22,-95, 69
 22,-96, 69
 22,-97, 69
 22,-98, 69
 22,-99, 69
 22,-100, 69
 22,-101, 68
 22,-102, 68
 22,-103, 68
 22,-104, 68
 22,-105, 68
 22,-106, 68
 22,-107, 68
 22,-108, 68
 22,-109, 68
 22,-110, 68
 22,-111, 68
 22,-112, 68
 21,-113, 68
 21,-114, 68
 21,-115, 68
 21,-116, 68
 21,-117, 68
 21,-118, 68
 21,-119, 68
 21,-120, 68
 21,-121, 68
 21,-122, 68
 21,-123, 68
 21,-124, 68
 21,-125, 68
 21,-126, 68
 22,-63, 69
 20,-126, 68
 21,-63, 68
 19,-126, 67
 20,-63, 68
 18,-126, 67
 19,-63, 67
 17,-126, 67
 19,-63, 67
 17,-126, 66
 18,-63, 67
 16,-126, 66
 17,-63, 66
 15,-126, 65
 16,-63, 66
 14,-126, 65
 15,-63, 65
 13,-126, 64
 14,-63, 65
 12,-126, 64
 13,-63, 65
 11,-126, 64
 12,-63, 64
 10,-126, 63
 11,-63, 64
  9,-126, 63
 10,-63, 63
  8,-126, 62
  9,-63, 63
  7,-126, 62
  8,-63, 63
  6,-126, 62
  8,-63, 62
  6,-126, 61
  7,-63, 62
  5,-126, 61
  6,-63, 61
  4,-126, 60
  5,-63, 61
  3,-126, 60
  4,-63, 61
  2,-126, 60
  3,-63, 60
  1,-126, 59
  2,-63, 60
  0,-126, 59
  1,-63, 59
  0,-126, 58
  0,-63, 59
 -1,-126, 58
  0,-63, 58
 -2,-126, 58
 -1,-63, 58
 -3,-125, 57
 -1,-62, 58
 -3,-125, 57
 -2,-62, 57
 -4,-125, 56
 -3,-62, 57
 -5,-125, 56
 -4,-62, 56
 -6,-125, 56
 -5,-62, 56
 -7,-125, 55
 -6,-62, 56
 -8,-125, 55
 -7,-62, 55
 -9,-125, 54
 -8,-62, 55
-10,-125, 54
 -9,-62, 54
-11,-125, 54
-10,-62, 54
-12,-125, 53
-11,-62, 54
-13,-125, 53
-12,-62, 53
-14,-125, 52
-12,-62, 53
-14,-125, 52
-13,-62, 52
-15,-125, 51
-14,-62, 52
-16,-125, 51
-15,-62, 52
-17,-125, 51
-16,-62, 51
-18,-125, 50
-17,-62, 51
-19,-125, 50
-18,-62, 50
-20,-125, 49
-19,-62, 50
-21,-125, 49
-20,-62, 50
-22,-125, 49
-21,-62, 49
-23,-125, 48
-22,-62, 49
-24,-125, 48
-22,-62, 48
-24,-125, 47
-23,-62, 48
-25,-125, 47
-24,-62, 47
-26,-125, 47
-25,-62, 47
-27,-125, 46
-26,-62, 47
-28,-125, 46
-27,-62, 46
-29,-124, 45
-28,-61, 46
-30,-124, 45
-29,-61, 45
-31,-124, 45
-30,-61, 45
-32,-124, 44
-31,-61, 45
-33,-124, 44
-32,-61, 44
-34,-124, 43
-33,-61, 44
-35,-124, 43
-33,-61, 43
-33,-62, 43
-33,-63, 43
-34,-64, 43
-34,-65, 43
-34,-66, 43
-34,-67, 43
-34,-68, 43
-34,-69, 43
-34,-70, 43
-34,-71, 43
-34,-72, 43
-34,-73, 43
-34,-74, 43
-34,-75, 43
-34,-76, 43
-34,-77, 43
-34,-78, 43
-34,-79, 43
-34,-80, 43
-34,-81, 43
-34,-82, 43
-34,-83, 43
-34,-84, 43
-34,-85, 43
-34,-86, 43
-34,-87, 43
-34,-88, 43
-34,-89, 43
-34,-90, 43
-34,-91, 43
-34,-92, 43
-34,-93, 43
-34,-94, 43
-35,-95, 43
-35,-96, 43
-35,-97, 43
-35,-98, 43
-35,-99, 43
-35,-100, 43
-35,-101, 43
-35,-102, 43
-35,-103, 43
-35,-104, 43
-35,-105, 43
-35,-106, 43
-35,-107, 43
-35,-108, 43
-35,-109, 43
-35,-110, 43
-35,-111, 43
-35,-112, 43
-35,-113, 43
-35,-114, 43
-35,-115, 43
-35,-116, 43
-35,-117, 43
-35,-118, 43
-35,-119, 43
-35,-120, 43
-35,-121, 43
-35,-122, 43
-35,-123, 43
-35,-124, 43